
                            < M A T L A B (R) >
                  Copyright 1984-2021 The MathWorks, Inc.
             R2021a Update 5 (9.10.0.1739362) 64-bit (glnxa64)
                               August 9, 2021

 
To get started, type doc.
For product information, visit www.mathworks.com.
 
Setting CVX paths...done.
Done
Running FG ...
Using coefficient spread of 0.010000 for p
M has 3129 rows, 3129 columns 44844 nonzeros (density 0.005)
Ms has 3129 rows, 3129 columns 44844 nonzeros (density 0.005)
Ms'M has 879327 NZ, density 0.090, fill 19.61
Ms'Ms has 879327 NZ, density 0.090, fill 19.61
Estimated Lipschitz constant is 9.38e+02
Target trace value is 2.50
Projection method is parproj
 iter  chg_diag       fval   |M-MX|_F  p^T diagX         mu   tr(X)  nnz   sep  upd
    0  0.00e+00  2.242e+04  2.118e+02  0.000e+00  1.459e+04    0.00    0  0.00  3129
    1  0.00e+00  2.242e+04  2.118e+02  0.000e+00  1.459e+04    0.00    0  0.00  3129
    2  0.00e+00  2.242e+04  2.118e+02  0.000e+00  1.459e+04    0.00    0  0.00  3129
    3  0.00e+00  2.242e+04  2.118e+02  0.000e+00  1.459e+04    0.00    0  0.00  3129
    4  0.00e+00  2.242e+04  2.118e+02  0.000e+00  1.459e+04    0.00    0  0.00  3129
    5  0.00e+00  2.242e+04  2.118e+02  0.000e+00  1.459e+04    0.00    0  0.00  3129
    6  0.00e+00  2.242e+04  2.118e+02  0.000e+00  1.459e+04    0.00    0  0.00  3129
    7  0.00e+00  2.242e+04  2.118e+02  0.000e+00  1.459e+04    0.00    0  0.00  3129
    8  0.00e+00  2.242e+04  2.118e+02  0.000e+00  1.459e+04    0.00    0  0.00  3129
    9  0.00e+00  2.242e+04  2.118e+02  0.000e+00  1.459e+04    0.00    0  0.00  3129
   10  0.00e+00  2.242e+04  2.118e+02  0.000e+00  1.459e+04    0.00    0  0.00  3129
   11  0.00e+00  2.242e+04  2.118e+02  0.000e+00  1.459e+04    0.00    0  0.00  3129
   12  0.00e+00  2.242e+04  2.118e+02  0.000e+00  1.459e+04    0.00    0  0.00  3129
   13  0.00e+00  2.242e+04  2.118e+02  0.000e+00  1.459e+04    0.00    0  0.00  3129
   14  0.00e+00  2.242e+04  2.118e+02  0.000e+00  1.459e+04    0.00    0  0.00  3129
   15  0.00e+00  2.242e+04  2.118e+02  0.000e+00  1.459e+04    0.00    0  0.00  3129
   16  0.00e+00  2.242e+04  2.118e+02  0.000e+00  1.459e+04    0.00    0  0.00  3129
   17  0.00e+00  2.242e+04  2.118e+02  0.000e+00  1.459e+04    0.00    0  0.00  3129
   18  0.00e+00  2.242e+04  2.118e+02  0.000e+00  1.459e+04    0.00    0  0.00  3129
   19  0.00e+00  2.242e+04  2.118e+02  0.000e+00  1.459e+04    0.00    0  0.00  3129
   20  0.00e+00  2.242e+04  2.118e+02  0.000e+00  1.459e+04    0.00    0  0.00  3129
   21  0.00e+00  2.242e+04  2.118e+02  0.000e+00  1.459e+04    0.00    0  0.00  3129
   22  0.00e+00  2.242e+04  2.118e+02  0.000e+00  1.459e+04    0.00    0  0.00  3129
   23  0.00e+00  2.242e+04  2.118e+02  0.000e+00  1.459e+04    0.00    0  0.00  3129
 iter  chg_diag       fval   |M-MX|_F  p^T diagX         mu   tr(X)  nnz   sep  upd
   24  0.00e+00  2.242e+04  2.118e+02  0.000e+00  1.459e+04    0.00    0  0.00  3129
   25  0.00e+00  2.242e+04  2.118e+02  0.000e+00  1.459e+04    0.00    0  0.00  3129
   26  0.00e+00  2.242e+04  2.118e+02  0.000e+00  1.459e+04    0.00    0  0.00  3129
   27  0.00e+00  2.242e+04  2.118e+02  0.000e+00  1.459e+04    0.00    0  0.00  3129
   28  0.00e+00  2.242e+04  2.118e+02  0.000e+00  1.459e+04    0.00    0  0.00  3129
   29  0.00e+00  2.242e+04  2.118e+02  0.000e+00  1.459e+04    0.00    0  0.00  3129
   30  0.00e+00  2.242e+04  2.118e+02  0.000e+00  1.459e+04    0.00    0  0.00  3129
   31  0.00e+00  2.242e+04  2.118e+02  0.000e+00  1.459e+04    0.00    0  0.00  3129
   32  0.00e+00  2.242e+04  2.118e+02  0.000e+00  1.459e+04    0.00    0  0.00  3129
   33  0.00e+00  2.242e+04  2.118e+02  0.000e+00  1.459e+04    0.00    0  0.00  3129
   34  0.00e+00  2.242e+04  2.118e+02  0.000e+00  1.459e+04    0.00    0  0.00  3129
   35  0.00e+00  2.242e+04  2.118e+02  0.000e+00  1.459e+04    0.00    0  0.00  3129
   36  0.00e+00  2.242e+04  2.118e+02  0.000e+00  1.459e+04    0.00    0  0.00  3129
   37  0.00e+00  2.242e+04  2.118e+02  0.000e+00  1.459e+04    0.00    0  0.00  3129
   38  0.00e+00  2.242e+04  2.118e+02  0.000e+00  1.459e+04    0.00    0  0.00  3129
   39  0.00e+00  2.242e+04  2.118e+02  0.000e+00  1.459e+04    0.00    0  0.00  3129
   40  0.00e+00  2.242e+04  2.118e+02  0.000e+00  1.459e+04    0.00    0  0.00  3129
   41  0.00e+00  2.242e+04  2.118e+02  0.000e+00  1.459e+04    0.00    0  0.00  3129
   42  0.00e+00  2.242e+04  2.118e+02  0.000e+00  1.459e+04    0.00    0  0.00  3129
   43  0.00e+00  2.242e+04  2.118e+02  0.000e+00  1.459e+04    0.00    0  0.00  3129
   44  0.00e+00  2.242e+04  2.118e+02  0.000e+00  1.459e+04    0.00    0  0.00  3129
   45  0.00e+00  2.242e+04  2.118e+02  0.000e+00  1.459e+04    0.00    0  0.00  3129
   46  0.00e+00  2.242e+04  2.118e+02  0.000e+00  1.459e+04    0.00    0  0.00  3129
   47  0.00e+00  2.242e+04  2.118e+02  0.000e+00  1.459e+04    0.00    0  0.00  3129
 iter  chg_diag       fval   |M-MX|_F  p^T diagX         mu   tr(X)  nnz   sep  upd
   48  0.00e+00  2.242e+04  2.118e+02  0.000e+00  1.459e+04    0.00    0  0.00  3129
   49  0.00e+00  2.242e+04  2.118e+02  0.000e+00  1.459e+04    0.00    0  0.00  3129
   50  0.00e+00  2.242e+04  2.118e+02  0.000e+00  1.459e+04    0.00    0  0.00  3129
   51  0.00e+00  2.242e+04  2.118e+02  0.000e+00  1.459e+04    0.00    0  0.00  3129
   52  0.00e+00  2.242e+04  2.118e+02  0.000e+00  1.459e+04    0.00    0  0.00  3129
   53  0.00e+00  2.242e+04  2.118e+02  0.000e+00  1.459e+04    0.00    0  0.00  3129
   54  0.00e+00  2.242e+04  2.118e+02  0.000e+00  1.459e+04    0.00    0  0.00  3129
   55  0.00e+00  2.242e+04  2.118e+02  0.000e+00  1.459e+04    0.00    0  0.00  3129
   56  0.00e+00  2.242e+04  2.118e+02  0.000e+00  1.459e+04    0.00    0  0.00  3129
   57  0.00e+00  2.242e+04  2.118e+02  0.000e+00  1.459e+04    0.00    0  0.00  3129
   58  0.00e+00  2.242e+04  2.118e+02  0.000e+00  1.459e+04    0.00    0  0.00  3129
   59  0.00e+00  2.242e+04  2.118e+02  0.000e+00  1.459e+04    0.00    0  0.00  3129
   60  0.00e+00  2.242e+04  2.118e+02  0.000e+00  1.459e+04    0.00    0  0.00  3129
   61  0.00e+00  2.242e+04  2.118e+02  0.000e+00  1.459e+04    0.00    0  0.00  3129
   62  0.00e+00  2.242e+04  2.118e+02  0.000e+00  1.459e+04    0.00    0  0.00  3129
   63  0.00e+00  2.242e+04  2.118e+02  0.000e+00  1.459e+04    0.00    0  0.00  3129
   64  0.00e+00  2.242e+04  2.118e+02  0.000e+00  1.459e+04    0.00    0  0.00  3129
   65  0.00e+00  2.242e+04  2.118e+02  0.000e+00  1.459e+04    0.00    0  0.00  3129
   66  0.00e+00  2.242e+04  2.118e+02  0.000e+00  1.459e+04    0.00    0  0.00  3129
   67  0.00e+00  2.242e+04  2.118e+02  0.000e+00  1.459e+04    0.00    0  0.00  3129
   68  0.00e+00  2.242e+04  2.118e+02  0.000e+00  1.459e+04    0.00    0  0.00  3129
   69  0.00e+00  2.242e+04  2.118e+02  0.000e+00  1.459e+04    0.00    0  0.00  3129
   70  0.00e+00  2.242e+04  2.118e+02  0.000e+00  1.459e+04    0.00    0  0.00  3129
   71  0.00e+00  2.242e+04  2.118e+02  0.000e+00  1.459e+04    0.00    0  0.00  3129
 iter  chg_diag       fval   |M-MX|_F  p^T diagX         mu   tr(X)  nnz   sep  upd
   72  0.00e+00  2.242e+04  2.118e+02  0.000e+00  1.459e+04    0.00    0  0.00  3129
   73  0.00e+00  2.242e+04  2.118e+02  0.000e+00  1.459e+04    0.00    0  0.00  3129
   74  0.00e+00  2.242e+04  2.118e+02  0.000e+00  1.459e+04    0.00    0  0.00  3129
   75  0.00e+00  2.242e+04  2.118e+02  0.000e+00  1.459e+04    0.00    0  0.00  3129
   76  0.00e+00  2.242e+04  2.118e+02  0.000e+00  1.459e+04    0.00    0  0.00  3129
   77  0.00e+00  2.242e+04  2.118e+02  0.000e+00  1.459e+04    0.00    0  0.00  3129
   78  0.00e+00  2.242e+04  2.118e+02  0.000e+00  1.459e+04    0.00    0  0.00  3129
   79  0.00e+00  2.242e+04  2.118e+02  0.000e+00  1.459e+04    0.00    0  0.00  3129
   80  0.00e+00  2.242e+04  2.118e+02  0.000e+00  1.459e+04    0.00    0  0.00  3129
   81  0.00e+00  2.242e+04  2.118e+02  0.000e+00  1.459e+04    0.00    0  0.00  3129
   82  0.00e+00  2.242e+04  2.118e+02  0.000e+00  1.459e+04    0.00    0  0.00  3129
   83  0.00e+00  2.242e+04  2.118e+02  0.000e+00  1.459e+04    0.00    0  0.00  3129
   84  0.00e+00  2.242e+04  2.118e+02  0.000e+00  1.459e+04    0.00    0  0.00  3129
   85  0.00e+00  2.242e+04  2.118e+02  0.000e+00  1.459e+04    0.00    0  0.00  3129
   86  0.00e+00  2.242e+04  2.118e+02  0.000e+00  1.459e+04    0.00    0  0.00  3129
   87  0.00e+00  2.242e+04  2.118e+02  0.000e+00  1.459e+04    0.00    0  0.00  3129
   88  0.00e+00  2.242e+04  2.118e+02  0.000e+00  1.459e+04    0.00    0  0.00  3129
   89  0.00e+00  2.242e+04  2.118e+02  0.000e+00  1.459e+04    0.00    0  0.00  3129
   90  0.00e+00  2.242e+04  2.118e+02  0.000e+00  1.459e+04    0.00    0  0.00  3129
   91  0.00e+00  2.242e+04  2.118e+02  0.000e+00  1.459e+04    0.00    0  0.00  3129
   92  0.00e+00  2.242e+04  2.118e+02  0.000e+00  1.459e+04    0.00    0  0.00  3129
   93  0.00e+00  2.242e+04  2.118e+02  0.000e+00  1.459e+04    0.00    0  0.00  3129
   94  0.00e+00  2.242e+04  2.118e+02  0.000e+00  1.459e+04    0.00    0  0.00  3129
   95  0.00e+00  2.242e+04  2.118e+02  0.000e+00  1.459e+04    0.00    0  0.00  3129
 iter  chg_diag       fval   |M-MX|_F  p^T diagX         mu   tr(X)  nnz   sep  upd
   96  0.00e+00  2.242e+04  2.118e+02  0.000e+00  1.459e+04    0.00    0  0.00  3129
   97  0.00e+00  2.242e+04  2.118e+02  0.000e+00  1.459e+04    0.00    0  0.00  3129
   98  0.00e+00  2.242e+04  2.118e+02  0.000e+00  1.459e+04    0.00    0  0.00  3129
   99  0.00e+00  2.242e+04  2.118e+02  0.000e+00  1.459e+04    0.00    0  0.00  3129
  100  0.00e+00  2.242e+04  2.118e+02  0.000e+00  1.459e+04    0.00    0  0.00  3129
  100  0.00e+00  2.242e+04  2.118e+02  0.000e+00  1.459e+04    0.00    0  0.00  3129
hatA: 
   (2,1)        1
   (3,1)        1
   (4,1)        1
  (16,1)        1
  (56,1)        1
  (64,1)        1
  (85,1)        1
  (93,1)        1
  (94,1)        1
 (102,1)        1
 (124,1)        1
 (129,1)        1
 (152,1)        1
 (178,1)        1
 (201,1)        1
 (215,1)        1
 (220,1)        1
 (277,1)        1
 (278,1)        1
 (287,1)        1
 (292,1)        1
 (293,1)        1
 (312,1)        1
 (313,1)        1
 (326,1)        1
 (388,1)        1
 (436,1)        1
 (439,1)        1
 (460,1)        1
 (476,1)        1
 (505,1)        1
 (524,1)        1
 (589,1)        1
 (620,1)        1
 (644,1)        1
 (649,1)        1
 (659,1)        1
 (678,1)        1
 (682,1)        1
 (715,1)        1
 (719,1)        1
 (729,1)        1
 (767,1)        1
 (775,1)        1
 (812,1)        1
 (834,1)        1
 (835,1)        1
 (838,1)        1
 (846,1)        1
 (861,1)        1
 (876,1)        1
 (909,1)        1
 (940,1)        1
(1008,1)        1
(1030,1)        1
(1037,1)        1
(1056,1)        1
(1195,1)        1
(1246,1)        1
(1275,1)        1
(1298,1)        1
(1320,1)        1
(1325,1)        1
(1344,1)        1
(1354,1)        1
(1423,1)        1
(1489,1)        1
(1510,1)        1
(1534,1)        1
(1535,1)        1
(1549,1)        1
(1577,1)        1
(1615,1)        1
(1616,1)        1
(1623,1)        1
(1661,1)        1
(1740,1)        1
(1801,1)        1
(1802,1)        1
(1812,1)        1
(1813,1)        1
(1859,1)        1
(1877,1)        1
(1897,1)        1
(1934,1)        1
(1942,1)        1
(1979,1)        1
(1993,1)        1
(1994,1)        1
(2135,1)        1
(2466,1)        1
   (1,2)        1
   (3,2)        1
   (4,2)        1
  (11,2)        1
  (75,2)        1
  (76,2)        1
 (121,2)        1
 (153,2)        1
 (154,2)        1
 (202,2)        1
 (214,2)        1
 (223,2)        1
 (290,2)        1
 (327,2)        1
 (386,2)        1
(1513,2)        1
(1733,2)        1
(1961,2)        1
(2003,2)        1
(2129,2)        1
(2425,2)        1
(2514,2)        1
   (1,3)        1
   (2,3)        1
   (4,3)        1
 (124,3)        1
 (131,3)        1
 (259,3)        1
 (306,3)        1
 (326,3)        1
 (386,3)        1
 (440,3)        1
 (661,3)        1
 (692,3)        1
 (834,3)        1
 (872,3)        1
 (912,3)        1
 (980,3)        1
(1286,3)        1
(1489,3)        1
(1534,3)        1
(1687,3)        1
(2099,3)        1
(2151,3)        1

#Nodes: 3129 - #communities: 3
Save to ./results/official/FG//DBLP_3_mu_auto.mat 
	Command being timed: "matlab -nodisplay -nodesktop -r codeName='official'; methodName='FG'; dataSource='DBLP'; dataIndex=3; expSetup__fg; quit"
	User time (seconds): 308.53
	System time (seconds): 34.14
	Percent of CPU this job got: 159%
	Elapsed (wall clock) time (h:mm:ss or m:ss): 3:35.09
	Average shared text size (kbytes): 0
	Average unshared data size (kbytes): 0
	Average stack size (kbytes): 0
	Average total size (kbytes): 0
	Maximum resident set size (kbytes): 1736432
	Average resident set size (kbytes): 0
	Major (requiring I/O) page faults: 0
	Minor (reclaiming a frame) page faults: 995072
	Voluntary context switches: 127296
	Involuntary context switches: 37053
	Swaps: 0
	File system inputs: 0
	File system outputs: 15128
	Socket messages sent: 0
	Socket messages received: 0
	Signals delivered: 0
	Page size (bytes): 4096
	Exit status: 0
