
                            < M A T L A B (R) >
                  Copyright 1984-2021 The MathWorks, Inc.
             R2021a Update 5 (9.10.0.1739362) 64-bit (glnxa64)
                               August 9, 2021

 
To get started, type doc.
For product information, visit www.mathworks.com.
 
Setting CVX paths...done.
Done
Running FG ...
Using coefficient spread of 0.010000 for p
M has 1447 rows, 1447 columns 213076 nonzeros (density 0.102)
Ms has 1447 rows, 1447 columns 213076 nonzeros (density 0.102)
Ms'M has 1776161 NZ, density 0.848, fill 8.34
Ms'Ms has 1776161 NZ, density 0.848, fill 8.34
Estimated Lipschitz constant is 5.15e+04
Target trace value is 2.50
Projection method is parproj
 iter  chg_diag       fval   |M-MX|_F  p^T diagX         mu   tr(X)  nnz   sep  upd
    0  0.00e+00  1.065e+05  4.616e+02  0.000e+00  5.152e+04    0.00    0  0.00  1447
    1  1.00e+00  1.062e+05  4.554e+02  4.918e-02  5.152e+04    0.05  729  0.01  1447
    2  5.34e-01  1.060e+05  4.500e+02  9.205e-02  5.152e+04    0.09  639  0.04  1447
    3  3.56e-01  1.059e+05  4.462e+02  1.227e-01  5.152e+04    0.12  556  0.04  1447
    4  2.58e-01  1.058e+05  4.436e+02  1.434e-01  5.152e+04    0.14  482  0.02  1447
    5  2.07e-01  1.057e+05  4.420e+02  1.564e-01  5.152e+04    0.16  434  0.00  1447
    6  1.80e-01  1.057e+05  4.411e+02  1.630e-01  5.152e+04    0.16  393  0.01  1447
    7  1.50e-01  1.056e+05  4.404e+02  1.675e-01  5.152e+04    0.17  346  0.00  1447
    8  1.27e-01  1.056e+05  4.400e+02  1.705e-01  5.152e+04    0.17  320  0.01  1447
    9  1.15e-01  1.055e+05  4.398e+02  1.715e-01  5.152e+04    0.17  292  0.01  1447
   10  1.04e-01  1.055e+05  4.397e+02  1.717e-01  5.152e+04    0.17  273  0.05  1447
   11  9.19e-02  1.055e+05  4.396e+02  1.719e-01  5.152e+04    0.17  253  0.08  1447
   12  8.69e-02  1.055e+05  4.396e+02  1.715e-01  5.152e+04    0.17  240  0.09  1447
   13  8.24e-02  1.054e+05  4.396e+02  1.708e-01  5.152e+04    0.17  223  0.10  1447
   14  7.72e-02  1.054e+05  4.397e+02  1.700e-01  5.152e+04    0.17  210  0.11  1447
   15  7.28e-02  1.054e+05  4.397e+02  1.693e-01  5.152e+04    0.17  203  0.12  1447
   16  6.80e-02  1.054e+05  4.397e+02  1.687e-01  5.152e+04    0.17  193  0.13  1447
   17  6.19e-02  1.054e+05  4.397e+02  1.686e-01  5.152e+04    0.17  183  0.14  1447
   18  5.72e-02  1.053e+05  4.396e+02  1.688e-01  5.152e+04    0.17  168  0.15  1447
   19  5.38e-02  1.053e+05  4.396e+02  1.692e-01  5.152e+04    0.17  163  0.15  1447
   20  5.26e-02  1.053e+05  4.395e+02  1.694e-01  5.152e+04    0.17  159  0.16  1447
   21  5.03e-02  1.053e+05  4.395e+02  1.696e-01  5.152e+04    0.17  148  0.17  1447
   22  4.58e-02  1.053e+05  4.394e+02  1.702e-01  5.152e+04    0.17  141  0.17  1447
   23  4.33e-02  1.053e+05  4.393e+02  1.709e-01  5.152e+04    0.17  137  0.17  1447
 iter  chg_diag       fval   |M-MX|_F  p^T diagX         mu   tr(X)  nnz   sep  upd
   24  4.33e-02  1.053e+05  4.392e+02  1.712e-01  5.152e+04    0.17  135  0.15  1447
   25  4.32e-02  1.053e+05  4.392e+02  1.711e-01  5.152e+04    0.17  132  0.14  1447
   26  4.38e-02  1.053e+05  4.392e+02  1.707e-01  5.152e+04    0.17  130  0.13  1447
   27  4.22e-02  1.052e+05  4.393e+02  1.703e-01  5.152e+04    0.17  125  0.11  1447
   28  4.12e-02  1.052e+05  4.393e+02  1.699e-01  5.152e+04    0.17  124  0.10  1447
   29  4.03e-02  1.052e+05  4.393e+02  1.694e-01  5.152e+04    0.17  120  0.09  1447
   30  3.85e-02  1.052e+05  4.393e+02  1.691e-01  5.152e+04    0.17  115  0.07  1447
   31  3.63e-02  1.052e+05  4.393e+02  1.690e-01  5.152e+04    0.17  112  0.06  1447
   32  3.50e-02  1.052e+05  4.393e+02  1.689e-01  5.152e+04    0.17  107  0.04  1447
   33  3.19e-02  1.052e+05  4.393e+02  1.692e-01  5.152e+04    0.17  104  0.03  1447
   34  3.06e-02  1.052e+05  4.393e+02  1.694e-01  5.152e+04    0.17   97  0.02  1447
   35  2.79e-02  1.052e+05  4.392e+02  1.699e-01  5.152e+04    0.17   95  0.00  1447
   36  2.67e-02  1.052e+05  4.391e+02  1.704e-01  5.152e+04    0.17   92  0.01  1447
   37  2.55e-02  1.052e+05  4.391e+02  1.709e-01  5.152e+04    0.17   87  0.02  1447
   38  2.35e-02  1.052e+05  4.390e+02  1.714e-01  5.152e+04    0.17   85  0.03  1447
   39  2.23e-02  1.052e+05  4.389e+02  1.719e-01  5.152e+04    0.17   84  0.04  1447
   40  2.18e-02  1.052e+05  4.389e+02  1.723e-01  5.152e+04    0.17   83  0.04  1447
   41  2.10e-02  1.052e+05  4.388e+02  1.725e-01  5.152e+04    0.17   81  0.04  1447
   42  2.03e-02  1.052e+05  4.388e+02  1.727e-01  5.152e+04    0.17   80  0.04  1447
   43  1.93e-02  1.052e+05  4.388e+02  1.729e-01  5.152e+04    0.17   78  0.04  1447
   44  1.87e-02  1.052e+05  4.388e+02  1.730e-01  5.152e+04    0.17   77  0.04  1447
   45  1.82e-02  1.052e+05  4.388e+02  1.730e-01  5.152e+04    0.17   76  0.04  1447
   46  1.82e-02  1.052e+05  4.388e+02  1.728e-01  5.152e+04    0.17   76  0.04  1447
   47  1.76e-02  1.052e+05  4.388e+02  1.726e-01  5.152e+04    0.17   75  0.05  1447
 iter  chg_diag       fval   |M-MX|_F  p^T diagX         mu   tr(X)  nnz   sep  upd
   48  1.75e-02  1.052e+05  4.388e+02  1.723e-01  5.152e+04    0.17   74  0.05  1447
   49  1.70e-02  1.052e+05  4.389e+02  1.720e-01  5.152e+04    0.17   73  0.05  1447
   50  1.66e-02  1.052e+05  4.389e+02  1.717e-01  5.152e+04    0.17   70  0.05  1447
   51  1.61e-02  1.052e+05  4.389e+02  1.714e-01  5.152e+04    0.17   70  0.05  1447
   52  1.62e-02  1.052e+05  4.390e+02  1.709e-01  5.152e+04    0.17   70  0.05  1447
   53  1.60e-02  1.051e+05  4.390e+02  1.704e-01  5.152e+04    0.17   69  0.05  1447
   54  1.54e-02  1.051e+05  4.391e+02  1.700e-01  5.152e+04    0.17   69  0.05  1447
   55  1.53e-02  1.051e+05  4.391e+02  1.695e-01  5.152e+04    0.17   68  0.05  1447
   56  1.43e-02  1.051e+05  4.391e+02  1.692e-01  5.152e+04    0.17   66  0.05  1447
   57  1.39e-02  1.051e+05  4.392e+02  1.689e-01  5.152e+04    0.17   64  0.06  1447
   58  1.34e-02  1.051e+05  4.392e+02  1.686e-01  5.152e+04    0.17   61  0.06  1447
   59  1.29e-02  1.051e+05  4.392e+02  1.684e-01  5.152e+04    0.17   59  0.06  1447
   60  1.26e-02  1.051e+05  4.392e+02  1.682e-01  5.152e+04    0.17   59  0.06  1447
   61  1.25e-02  1.051e+05  4.393e+02  1.680e-01  5.152e+04    0.17   57  0.06  1447
   62  1.20e-02  1.051e+05  4.393e+02  1.678e-01  5.152e+04    0.17   56  0.06  1447
   63  1.18e-02  1.051e+05  4.393e+02  1.677e-01  5.152e+04    0.17   55  0.06  1447
   64  1.17e-02  1.051e+05  4.393e+02  1.675e-01  5.152e+04    0.17   55  0.06  1447
   65  1.17e-02  1.051e+05  4.393e+02  1.674e-01  5.152e+04    0.17   55  0.07  1447
   66  1.17e-02  1.051e+05  4.394e+02  1.672e-01  5.152e+04    0.17   55  0.07  1447
   67  1.16e-02  1.051e+05  4.394e+02  1.670e-01  5.152e+04    0.17   54  0.07  1447
   68  1.14e-02  1.051e+05  4.394e+02  1.668e-01  5.152e+04    0.17   54  0.07  1447
   69  1.14e-02  1.051e+05  4.394e+02  1.667e-01  5.152e+04    0.17   54  0.07  1447
   70  1.12e-02  1.051e+05  4.394e+02  1.665e-01  5.152e+04    0.17   53  0.07  1447
   71  1.09e-02  1.051e+05  4.394e+02  1.664e-01  5.152e+04    0.17   52  0.07  1447
 iter  chg_diag       fval   |M-MX|_F  p^T diagX         mu   tr(X)  nnz   sep  upd
   72  1.06e-02  1.051e+05  4.394e+02  1.663e-01  5.152e+04    0.17   51  0.07  1447
   73  1.03e-02  1.051e+05  4.394e+02  1.663e-01  5.152e+04    0.17   49  0.08  1447
   74  9.60e-03  1.051e+05  4.394e+02  1.663e-01  5.152e+04    0.17   48  0.08  1447
   75  9.24e-03  1.051e+05  4.394e+02  1.665e-01  5.152e+04    0.17   47  0.07  1447
   76  9.10e-03  1.051e+05  4.394e+02  1.666e-01  5.152e+04    0.17   47  0.06  1447
   77  9.07e-03  1.051e+05  4.394e+02  1.667e-01  5.152e+04    0.17   47  0.05  1447
   78  9.05e-03  1.051e+05  4.394e+02  1.668e-01  5.152e+04    0.17   47  0.04  1447
   79  8.72e-03  1.051e+05  4.394e+02  1.669e-01  5.152e+04    0.17   46  0.03  1447
   80  8.63e-03  1.051e+05  4.393e+02  1.670e-01  5.152e+04    0.17   46  0.02  1447
   81  8.65e-03  1.051e+05  4.393e+02  1.671e-01  5.152e+04    0.17   46  0.01  1447
   82  8.68e-03  1.051e+05  4.393e+02  1.672e-01  5.152e+04    0.17   46  0.01  1447
   83  8.45e-03  1.051e+05  4.393e+02  1.673e-01  5.152e+04    0.17   45  0.02  1447
   84  8.19e-03  1.051e+05  4.393e+02  1.675e-01  5.152e+04    0.17   45  0.03  1447
   85  8.22e-03  1.051e+05  4.393e+02  1.676e-01  5.152e+04    0.17   45  0.04  1447
   86  8.26e-03  1.051e+05  4.393e+02  1.677e-01  5.152e+04    0.17   46  0.05  1447
   87  8.30e-03  1.051e+05  4.393e+02  1.677e-01  5.152e+04    0.17   46  0.06  1447
   88  8.34e-03  1.051e+05  4.392e+02  1.677e-01  5.152e+04    0.17   46  0.07  1447
   89  8.41e-03  1.051e+05  4.392e+02  1.677e-01  5.152e+04    0.17   46  0.07  1447
   90  8.48e-03  1.051e+05  4.393e+02  1.677e-01  5.152e+04    0.17   46  0.07  1447
   91  8.54e-03  1.051e+05  4.393e+02  1.676e-01  5.152e+04    0.17   46  0.07  1447
   92  8.59e-03  1.051e+05  4.393e+02  1.675e-01  5.152e+04    0.17   46  0.07  1447
   93  8.29e-03  1.051e+05  4.393e+02  1.674e-01  5.152e+04    0.17   45  0.07  1447
   94  8.28e-03  1.051e+05  4.393e+02  1.673e-01  5.152e+04    0.17   45  0.07  1447
   95  8.15e-03  1.051e+05  4.393e+02  1.673e-01  5.152e+04    0.17   44  0.06  1447
 iter  chg_diag       fval   |M-MX|_F  p^T diagX         mu   tr(X)  nnz   sep  upd
   96  8.10e-03  1.051e+05  4.393e+02  1.672e-01  5.152e+04    0.17   44  0.06  1447
   97  8.13e-03  1.051e+05  4.393e+02  1.671e-01  5.152e+04    0.17   44  0.06  1447
   98  8.15e-03  1.051e+05  4.393e+02  1.670e-01  5.152e+04    0.17   44  0.06  1447
   99  7.86e-03  1.051e+05  4.393e+02  1.669e-01  5.152e+04    0.17   43  0.06  1447
  100  7.68e-03  1.051e+05  4.393e+02  1.668e-01  5.152e+04    0.17   43  0.05  1447
  100  7.68e-03  1.051e+05  4.393e+02  1.668e-01  5.152e+04    0.17   43  0.05  1447
hatA: 
  (30,1)        1
  (31,1)        1
  (38,1)        1
  (41,1)        1
  (52,1)        1
  (58,1)        1
  (99,1)        1
 (100,1)        1
 (114,1)        1
 (121,1)        1
 (124,1)        1
 (125,1)        1
 (126,1)        1
 (127,1)        1
 (128,1)        1
 (140,1)        1
 (143,1)        1
 (144,1)        1
 (145,1)        1
 (149,1)        1
 (175,1)        1
 (177,1)        1
 (180,1)        1
 (190,1)        1
 (192,1)        1
 (195,1)        1
 (238,1)        1
 (250,1)        1
 (281,1)        1
 (282,1)        1
 (289,1)        1
 (300,1)        1
 (312,1)        1
 (323,1)        1
 (326,1)        1
 (342,1)        1
 (351,1)        1
 (354,1)        1
 (355,1)        1
 (361,1)        1
 (364,1)        1
 (365,1)        1
 (398,1)        1
 (421,1)        1
 (431,1)        1
 (439,1)        1
 (442,1)        1
 (453,1)        1
 (454,1)        1
 (455,1)        1
 (456,1)        1
 (458,1)        1
 (460,1)        1
 (462,1)        1
 (476,1)        1
 (479,1)        1
 (481,1)        1
 (514,1)        1
 (525,1)        1
 (531,1)        1
 (537,1)        1
 (538,1)        1
 (544,1)        1
 (585,1)        1
 (605,1)        1
 (607,1)        1
 (659,1)        1
 (660,1)        1
 (665,1)        1
 (668,1)        1
 (685,1)        1
 (686,1)        1
 (692,1)        1
 (698,1)        1
 (712,1)        1
 (713,1)        1
 (723,1)        1
 (724,1)        1
 (799,1)        1
 (837,1)        1
 (838,1)        1
 (842,1)        1
 (843,1)        1
 (862,1)        1
 (901,1)        1
 (903,1)        1
 (905,1)        1
 (911,1)        1
 (931,1)        1
 (932,1)        1
 (962,1)        1
 (983,1)        1
 (986,1)        1
 (989,1)        1
 (992,1)        1
 (995,1)        1
(1001,1)        1
(1018,1)        1
(1019,1)        1
(1021,1)        1
(1024,1)        1
(1025,1)        1
(1035,1)        1
(1045,1)        1
(1049,1)        1
(1102,1)        1
(1124,1)        1
(1147,1)        1
(1160,1)        1
(1190,1)        1
(1194,1)        1
(1208,1)        1
(1255,1)        1
(1282,1)        1
(1295,1)        1
(1308,1)        1
(1309,1)        1
(1317,1)        1
(1341,1)        1
(1342,1)        1
(1343,1)        1
(1344,1)        1
(1345,1)        1
(1376,1)        1
(1421,1)        1
(1424,1)        1
  (30,2)        1
  (31,2)        1
  (33,2)        1
  (38,2)        1
  (41,2)        1
  (52,2)        1
  (53,2)        1
  (58,2)        1
  (67,2)        1
  (78,2)        1
  (93,2)        1
 (106,2)        1
 (121,2)        1
 (125,2)        1
 (126,2)        1
 (127,2)        1
 (128,2)        1
 (140,2)        1
 (174,2)        1
 (177,2)        1
 (182,2)        1
 (188,2)        1
 (190,2)        1
 (191,2)        1
 (192,2)        1
 (229,2)        1
 (238,2)        1
 (249,2)        1
 (278,2)        1
 (300,2)        1
 (301,2)        1
 (303,2)        1
 (387,2)        1
 (398,2)        1
 (407,2)        1
 (415,2)        1
 (421,2)        1
 (442,2)        1
 (443,2)        1
 (453,2)        1
 (454,2)        1
 (455,2)        1
 (456,2)        1
 (461,2)        1
 (462,2)        1
 (483,2)        1
 (510,2)        1
 (513,2)        1
 (514,2)        1
 (557,2)        1
 (594,2)        1
 (632,2)        1
 (636,2)        1
 (668,2)        1
 (698,2)        1
 (712,2)        1
 (721,2)        1
 (799,2)        1
 (842,2)        1
 (843,2)        1
 (862,2)        1
 (879,2)        1
 (880,2)        1
 (903,2)        1
 (914,2)        1
 (962,2)        1
 (982,2)        1
 (983,2)        1
 (986,2)        1
 (987,2)        1
 (992,2)        1
 (994,2)        1
 (996,2)        1
(1018,2)        1
(1183,2)        1
(1198,2)        1
(1286,2)        1
(1317,2)        1
(1362,2)        1
  (30,3)        1
  (33,3)        1
  (38,3)        1
  (39,3)        1
  (41,3)        1
  (52,3)        1
  (58,3)        1
  (67,3)        1
  (78,3)        1
  (79,3)        1
  (93,3)        1
 (101,3)        1
 (107,3)        1
 (121,3)        1
 (125,3)        1
 (126,3)        1
 (128,3)        1
 (129,3)        1
 (143,3)        1
 (144,3)        1
 (149,3)        1
 (166,3)        1
 (171,3)        1
 (175,3)        1
 (177,3)        1
 (180,3)        1
 (182,3)        1
 (184,3)        1
 (185,3)        1
 (190,3)        1
 (191,3)        1
 (229,3)        1
 (238,3)        1
 (246,3)        1
 (252,3)        1
 (253,3)        1
 (260,3)        1
 (262,3)        1
 (264,3)        1
 (287,3)        1
 (295,3)        1
 (297,3)        1
 (300,3)        1
 (323,3)        1
 (324,3)        1
 (359,3)        1
 (367,3)        1
 (381,3)        1
 (382,3)        1
 (396,3)        1
 (398,3)        1
 (399,3)        1
 (415,3)        1
 (443,3)        1
 (456,3)        1
 (462,3)        1
 (471,3)        1
 (472,3)        1
 (482,3)        1
 (484,3)        1
 (514,3)        1
 (518,3)        1
 (539,3)        1
 (572,3)        1
 (588,3)        1
 (637,3)        1
 (642,3)        1
 (660,3)        1
 (663,3)        1
 (668,3)        1
 (671,3)        1
 (672,3)        1
 (698,3)        1
 (712,3)        1
 (724,3)        1
 (754,3)        1
 (766,3)        1
 (799,3)        1
 (820,3)        1
 (842,3)        1
 (843,3)        1
 (874,3)        1
 (895,3)        1
 (905,3)        1
 (948,3)        1
 (954,3)        1
 (956,3)        1
 (980,3)        1
 (981,3)        1
 (982,3)        1
 (983,3)        1
 (984,3)        1
 (985,3)        1
 (986,3)        1
 (987,3)        1
 (988,3)        1
 (989,3)        1
 (990,3)        1
 (992,3)        1
 (993,3)        1
 (994,3)        1
 (995,3)        1
 (996,3)        1
 (997,3)        1
 (998,3)        1
 (999,3)        1
(1000,3)        1
(1001,3)        1
(1143,3)        1
(1295,3)        1

#Nodes: 1447 - #communities: 3
Save to ./results/official/FG//MAG_1_mu_auto.mat 
	Command being timed: "matlab -nodisplay -nodesktop -r codeName='official'; methodName='FG'; dataSource='MAG'; dataIndex=1; expSetup__fg; quit"
	User time (seconds): 242.32
	System time (seconds): 10.45
	Percent of CPU this job got: 125%
	Elapsed (wall clock) time (h:mm:ss or m:ss): 3:21.72
	Average shared text size (kbytes): 0
	Average unshared data size (kbytes): 0
	Average stack size (kbytes): 0
	Average total size (kbytes): 0
	Maximum resident set size (kbytes): 1269440
	Average resident set size (kbytes): 0
	Major (requiring I/O) page faults: 0
	Minor (reclaiming a frame) page faults: 495457
	Voluntary context switches: 105550
	Involuntary context switches: 27509
	Swaps: 0
	File system inputs: 0
	File system outputs: 15152
	Socket messages sent: 0
	Socket messages received: 0
	Signals delivered: 0
	Page size (bytes): 4096
	Exit status: 0
