
                            < M A T L A B (R) >
                  Copyright 1984-2021 The MathWorks, Inc.
             R2021a Update 5 (9.10.0.1739362) 64-bit (glnxa64)
                               August 9, 2021

 
To get started, type doc.
For product information, visit www.mathworks.com.
 
Setting CVX paths...done.
Done
Running FG ...
Using coefficient spread of 0.010000 for p
M has 3248 rows, 3248 columns 41450 nonzeros (density 0.004)
Ms has 3248 rows, 3248 columns 41450 nonzeros (density 0.004)
Ms'M has 679006 NZ, density 0.064, fill 16.38
Ms'Ms has 679006 NZ, density 0.064, fill 16.38
Estimated Lipschitz constant is 8.20e+02
Target trace value is 2.50
Projection method is parproj
 iter  chg_diag       fval   |M-MX|_F  p^T diagX         mu   tr(X)  nnz   sep  upd
    0  0.00e+00  2.072e+04  2.036e+02  0.000e+00  1.351e+04    0.00    0  0.00  3248
    1  0.00e+00  2.072e+04  2.036e+02  0.000e+00  1.351e+04    0.00    0  0.00  3248
    2  0.00e+00  2.072e+04  2.036e+02  0.000e+00  1.351e+04    0.00    0  0.00  3248
    3  0.00e+00  2.072e+04  2.036e+02  0.000e+00  1.351e+04    0.00    0  0.00  3248
    4  0.00e+00  2.072e+04  2.036e+02  0.000e+00  1.351e+04    0.00    0  0.00  3248
    5  0.00e+00  2.072e+04  2.036e+02  0.000e+00  1.351e+04    0.00    0  0.00  3248
    6  0.00e+00  2.072e+04  2.036e+02  0.000e+00  1.351e+04    0.00    0  0.00  3248
    7  0.00e+00  2.072e+04  2.036e+02  0.000e+00  1.351e+04    0.00    0  0.00  3248
    8  0.00e+00  2.072e+04  2.036e+02  0.000e+00  1.351e+04    0.00    0  0.00  3248
    9  0.00e+00  2.072e+04  2.036e+02  0.000e+00  1.351e+04    0.00    0  0.00  3248
   10  0.00e+00  2.072e+04  2.036e+02  0.000e+00  1.351e+04    0.00    0  0.00  3248
   11  0.00e+00  2.072e+04  2.036e+02  0.000e+00  1.351e+04    0.00    0  0.00  3248
   12  0.00e+00  2.072e+04  2.036e+02  0.000e+00  1.351e+04    0.00    0  0.00  3248
   13  0.00e+00  2.072e+04  2.036e+02  0.000e+00  1.351e+04    0.00    0  0.00  3248
   14  0.00e+00  2.072e+04  2.036e+02  0.000e+00  1.351e+04    0.00    0  0.00  3248
   15  0.00e+00  2.072e+04  2.036e+02  0.000e+00  1.351e+04    0.00    0  0.00  3248
   16  0.00e+00  2.072e+04  2.036e+02  0.000e+00  1.351e+04    0.00    0  0.00  3248
   17  0.00e+00  2.072e+04  2.036e+02  0.000e+00  1.351e+04    0.00    0  0.00  3248
   18  0.00e+00  2.072e+04  2.036e+02  0.000e+00  1.351e+04    0.00    0  0.00  3248
   19  0.00e+00  2.072e+04  2.036e+02  0.000e+00  1.351e+04    0.00    0  0.00  3248
   20  0.00e+00  2.072e+04  2.036e+02  0.000e+00  1.351e+04    0.00    0  0.00  3248
   21  0.00e+00  2.072e+04  2.036e+02  0.000e+00  1.351e+04    0.00    0  0.00  3248
   22  0.00e+00  2.072e+04  2.036e+02  0.000e+00  1.351e+04    0.00    0  0.00  3248
   23  0.00e+00  2.072e+04  2.036e+02  0.000e+00  1.351e+04    0.00    0  0.00  3248
 iter  chg_diag       fval   |M-MX|_F  p^T diagX         mu   tr(X)  nnz   sep  upd
   24  0.00e+00  2.072e+04  2.036e+02  0.000e+00  1.351e+04    0.00    0  0.00  3248
   25  0.00e+00  2.072e+04  2.036e+02  0.000e+00  1.351e+04    0.00    0  0.00  3248
   26  0.00e+00  2.072e+04  2.036e+02  0.000e+00  1.351e+04    0.00    0  0.00  3248
   27  0.00e+00  2.072e+04  2.036e+02  0.000e+00  1.351e+04    0.00    0  0.00  3248
   28  0.00e+00  2.072e+04  2.036e+02  0.000e+00  1.351e+04    0.00    0  0.00  3248
   29  0.00e+00  2.072e+04  2.036e+02  0.000e+00  1.351e+04    0.00    0  0.00  3248
   30  0.00e+00  2.072e+04  2.036e+02  0.000e+00  1.351e+04    0.00    0  0.00  3248
   31  0.00e+00  2.072e+04  2.036e+02  0.000e+00  1.351e+04    0.00    0  0.00  3248
   32  0.00e+00  2.072e+04  2.036e+02  0.000e+00  1.351e+04    0.00    0  0.00  3248
   33  0.00e+00  2.072e+04  2.036e+02  0.000e+00  1.351e+04    0.00    0  0.00  3248
   34  0.00e+00  2.072e+04  2.036e+02  0.000e+00  1.351e+04    0.00    0  0.00  3248
   35  0.00e+00  2.072e+04  2.036e+02  0.000e+00  1.351e+04    0.00    0  0.00  3248
   36  0.00e+00  2.072e+04  2.036e+02  0.000e+00  1.351e+04    0.00    0  0.00  3248
   37  0.00e+00  2.072e+04  2.036e+02  0.000e+00  1.351e+04    0.00    0  0.00  3248
   38  0.00e+00  2.072e+04  2.036e+02  0.000e+00  1.351e+04    0.00    0  0.00  3248
   39  0.00e+00  2.072e+04  2.036e+02  0.000e+00  1.351e+04    0.00    0  0.00  3248
   40  0.00e+00  2.072e+04  2.036e+02  0.000e+00  1.351e+04    0.00    0  0.00  3248
   41  0.00e+00  2.072e+04  2.036e+02  0.000e+00  1.351e+04    0.00    0  0.00  3248
   42  0.00e+00  2.072e+04  2.036e+02  0.000e+00  1.351e+04    0.00    0  0.00  3248
   43  0.00e+00  2.072e+04  2.036e+02  0.000e+00  1.351e+04    0.00    0  0.00  3248
   44  0.00e+00  2.072e+04  2.036e+02  0.000e+00  1.351e+04    0.00    0  0.00  3248
   45  0.00e+00  2.072e+04  2.036e+02  0.000e+00  1.351e+04    0.00    0  0.00  3248
   46  0.00e+00  2.072e+04  2.036e+02  0.000e+00  1.351e+04    0.00    0  0.00  3248
   47  0.00e+00  2.072e+04  2.036e+02  0.000e+00  1.351e+04    0.00    0  0.00  3248
 iter  chg_diag       fval   |M-MX|_F  p^T diagX         mu   tr(X)  nnz   sep  upd
   48  0.00e+00  2.072e+04  2.036e+02  0.000e+00  1.351e+04    0.00    0  0.00  3248
   49  0.00e+00  2.072e+04  2.036e+02  0.000e+00  1.351e+04    0.00    0  0.00  3248
   50  0.00e+00  2.072e+04  2.036e+02  0.000e+00  1.351e+04    0.00    0  0.00  3248
   51  0.00e+00  2.072e+04  2.036e+02  0.000e+00  1.351e+04    0.00    0  0.00  3248
   52  0.00e+00  2.072e+04  2.036e+02  0.000e+00  1.351e+04    0.00    0  0.00  3248
   53  0.00e+00  2.072e+04  2.036e+02  0.000e+00  1.351e+04    0.00    0  0.00  3248
   54  0.00e+00  2.072e+04  2.036e+02  0.000e+00  1.351e+04    0.00    0  0.00  3248
   55  0.00e+00  2.072e+04  2.036e+02  0.000e+00  1.351e+04    0.00    0  0.00  3248
   56  0.00e+00  2.072e+04  2.036e+02  0.000e+00  1.351e+04    0.00    0  0.00  3248
   57  0.00e+00  2.072e+04  2.036e+02  0.000e+00  1.351e+04    0.00    0  0.00  3248
   58  0.00e+00  2.072e+04  2.036e+02  0.000e+00  1.351e+04    0.00    0  0.00  3248
   59  0.00e+00  2.072e+04  2.036e+02  0.000e+00  1.351e+04    0.00    0  0.00  3248
   60  0.00e+00  2.072e+04  2.036e+02  0.000e+00  1.351e+04    0.00    0  0.00  3248
   61  0.00e+00  2.072e+04  2.036e+02  0.000e+00  1.351e+04    0.00    0  0.00  3248
   62  0.00e+00  2.072e+04  2.036e+02  0.000e+00  1.351e+04    0.00    0  0.00  3248
   63  0.00e+00  2.072e+04  2.036e+02  0.000e+00  1.351e+04    0.00    0  0.00  3248
   64  0.00e+00  2.072e+04  2.036e+02  0.000e+00  1.351e+04    0.00    0  0.00  3248
   65  0.00e+00  2.072e+04  2.036e+02  0.000e+00  1.351e+04    0.00    0  0.00  3248
   66  0.00e+00  2.072e+04  2.036e+02  0.000e+00  1.351e+04    0.00    0  0.00  3248
   67  0.00e+00  2.072e+04  2.036e+02  0.000e+00  1.351e+04    0.00    0  0.00  3248
   68  0.00e+00  2.072e+04  2.036e+02  0.000e+00  1.351e+04    0.00    0  0.00  3248
   69  0.00e+00  2.072e+04  2.036e+02  0.000e+00  1.351e+04    0.00    0  0.00  3248
   70  0.00e+00  2.072e+04  2.036e+02  0.000e+00  1.351e+04    0.00    0  0.00  3248
   71  0.00e+00  2.072e+04  2.036e+02  0.000e+00  1.351e+04    0.00    0  0.00  3248
 iter  chg_diag       fval   |M-MX|_F  p^T diagX         mu   tr(X)  nnz   sep  upd
   72  0.00e+00  2.072e+04  2.036e+02  0.000e+00  1.351e+04    0.00    0  0.00  3248
   73  0.00e+00  2.072e+04  2.036e+02  0.000e+00  1.351e+04    0.00    0  0.00  3248
   74  0.00e+00  2.072e+04  2.036e+02  0.000e+00  1.351e+04    0.00    0  0.00  3248
   75  0.00e+00  2.072e+04  2.036e+02  0.000e+00  1.351e+04    0.00    0  0.00  3248
   76  0.00e+00  2.072e+04  2.036e+02  0.000e+00  1.351e+04    0.00    0  0.00  3248
   77  0.00e+00  2.072e+04  2.036e+02  0.000e+00  1.351e+04    0.00    0  0.00  3248
   78  0.00e+00  2.072e+04  2.036e+02  0.000e+00  1.351e+04    0.00    0  0.00  3248
   79  0.00e+00  2.072e+04  2.036e+02  0.000e+00  1.351e+04    0.00    0  0.00  3248
   80  0.00e+00  2.072e+04  2.036e+02  0.000e+00  1.351e+04    0.00    0  0.00  3248
   81  0.00e+00  2.072e+04  2.036e+02  0.000e+00  1.351e+04    0.00    0  0.00  3248
   82  0.00e+00  2.072e+04  2.036e+02  0.000e+00  1.351e+04    0.00    0  0.00  3248
   83  0.00e+00  2.072e+04  2.036e+02  0.000e+00  1.351e+04    0.00    0  0.00  3248
   84  0.00e+00  2.072e+04  2.036e+02  0.000e+00  1.351e+04    0.00    0  0.00  3248
   85  0.00e+00  2.072e+04  2.036e+02  0.000e+00  1.351e+04    0.00    0  0.00  3248
   86  0.00e+00  2.072e+04  2.036e+02  0.000e+00  1.351e+04    0.00    0  0.00  3248
   87  0.00e+00  2.072e+04  2.036e+02  0.000e+00  1.351e+04    0.00    0  0.00  3248
   88  0.00e+00  2.072e+04  2.036e+02  0.000e+00  1.351e+04    0.00    0  0.00  3248
   89  0.00e+00  2.072e+04  2.036e+02  0.000e+00  1.351e+04    0.00    0  0.00  3248
   90  0.00e+00  2.072e+04  2.036e+02  0.000e+00  1.351e+04    0.00    0  0.00  3248
   91  0.00e+00  2.072e+04  2.036e+02  0.000e+00  1.351e+04    0.00    0  0.00  3248
   92  0.00e+00  2.072e+04  2.036e+02  0.000e+00  1.351e+04    0.00    0  0.00  3248
   93  0.00e+00  2.072e+04  2.036e+02  0.000e+00  1.351e+04    0.00    0  0.00  3248
   94  0.00e+00  2.072e+04  2.036e+02  0.000e+00  1.351e+04    0.00    0  0.00  3248
   95  0.00e+00  2.072e+04  2.036e+02  0.000e+00  1.351e+04    0.00    0  0.00  3248
 iter  chg_diag       fval   |M-MX|_F  p^T diagX         mu   tr(X)  nnz   sep  upd
   96  0.00e+00  2.072e+04  2.036e+02  0.000e+00  1.351e+04    0.00    0  0.00  3248
   97  0.00e+00  2.072e+04  2.036e+02  0.000e+00  1.351e+04    0.00    0  0.00  3248
   98  0.00e+00  2.072e+04  2.036e+02  0.000e+00  1.351e+04    0.00    0  0.00  3248
   99  0.00e+00  2.072e+04  2.036e+02  0.000e+00  1.351e+04    0.00    0  0.00  3248
  100  0.00e+00  2.072e+04  2.036e+02  0.000e+00  1.351e+04    0.00    0  0.00  3248
  100  0.00e+00  2.072e+04  2.036e+02  0.000e+00  1.351e+04    0.00    0  0.00  3248
hatA: 
  (30,1)        1
  (37,1)        1
  (40,1)        1
  (68,1)        1
  (69,1)        1
  (70,1)        1
 (215,1)        1
 (328,1)        1
 (340,1)        1
 (344,1)        1
 (461,1)        1
 (557,1)        1
 (570,1)        1
 (595,1)        1
 (674,1)        1
 (834,1)        1
 (888,1)        1
(1111,1)        1
  (44,2)        1
  (53,2)        1
  (76,2)        1
  (90,2)        1
 (148,2)        1
 (218,2)        1
 (272,2)        1
 (340,2)        1
 (431,2)        1
 (575,2)        1
 (607,2)        1
 (614,2)        1
 (654,2)        1
 (748,2)        1
(1012,2)        1
(1078,2)        1
(1109,2)        1
   (4,3)        1
 (327,3)        1
(1887,3)        1

#Nodes: 3248 - #communities: 3
Save to ./results/official/FG//DBLP_2_mu_auto.mat 
	Command being timed: "matlab -nodisplay -nodesktop -r codeName='official'; methodName='FG'; dataSource='DBLP'; dataIndex=2; expSetup__fg; quit"
	User time (seconds): 272.35
	System time (seconds): 35.85
	Percent of CPU this job got: 177%
	Elapsed (wall clock) time (h:mm:ss or m:ss): 2:53.52
	Average shared text size (kbytes): 0
	Average unshared data size (kbytes): 0
	Average stack size (kbytes): 0
	Average total size (kbytes): 0
	Maximum resident set size (kbytes): 1756936
	Average resident set size (kbytes): 0
	Major (requiring I/O) page faults: 0
	Minor (reclaiming a frame) page faults: 998620
	Voluntary context switches: 126977
	Involuntary context switches: 37560
	Swaps: 0
	File system inputs: 0
	File system outputs: 15112
	Socket messages sent: 0
	Socket messages received: 0
	Signals delivered: 0
	Page size (bytes): 4096
	Exit status: 0
