
                            < M A T L A B (R) >
                  Copyright 1984-2021 The MathWorks, Inc.
             R2021a Update 5 (9.10.0.1739362) 64-bit (glnxa64)
                               August 9, 2021

 
To get started, type doc.
For product information, visit www.mathworks.com.
 
Setting CVX paths...done.
Done
Running FG ...
Using coefficient spread of 0.010000 for p
M has 6437 rows, 6437 columns 108364 nonzeros (density 0.003)
Ms has 6437 rows, 6437 columns 108364 nonzeros (density 0.003)
Ms'M has 1952149 NZ, density 0.047, fill 18.01
Ms'Ms has 1952149 NZ, density 0.047, fill 18.01
Estimated Lipschitz constant is 1.40e+04
Target trace value is 4.00
Projection method is parproj
 iter  chg_diag       fval   |M-MX|_F  p^T diagX         mu   tr(X)  nnz   sep  upd
    0  0.00e+00  5.418e+04  3.292e+02  0.000e+00  1.630e+04    0.00    0  0.00  6437
    1  0.00e+00  5.418e+04  3.292e+02  0.000e+00  1.630e+04    0.00    0  0.00  6437
    2  0.00e+00  5.418e+04  3.292e+02  0.000e+00  1.630e+04    0.00    0  0.00  6437
    3  0.00e+00  5.418e+04  3.292e+02  0.000e+00  1.630e+04    0.00    0  0.00  6437
    4  0.00e+00  5.418e+04  3.292e+02  0.000e+00  1.630e+04    0.00    0  0.00  6437
    5  0.00e+00  5.418e+04  3.292e+02  0.000e+00  1.630e+04    0.00    0  0.00  6437
    6  0.00e+00  5.418e+04  3.292e+02  0.000e+00  1.630e+04    0.00    0  0.00  6437
    7  0.00e+00  5.418e+04  3.292e+02  0.000e+00  1.630e+04    0.00    0  0.00  6437
    8  0.00e+00  5.418e+04  3.292e+02  0.000e+00  1.630e+04    0.00    0  0.00  6437
    9  0.00e+00  5.418e+04  3.292e+02  0.000e+00  1.630e+04    0.00    0  0.00  6437
   10  0.00e+00  5.418e+04  3.292e+02  0.000e+00  1.630e+04    0.00    0  0.00  6437
   11  0.00e+00  5.418e+04  3.292e+02  0.000e+00  1.630e+04    0.00    0  0.00  6437
   12  0.00e+00  5.418e+04  3.292e+02  0.000e+00  1.630e+04    0.00    0  0.00  6437
   13  0.00e+00  5.418e+04  3.292e+02  0.000e+00  1.630e+04    0.00    0  0.00  6437
   14  0.00e+00  5.418e+04  3.292e+02  0.000e+00  1.630e+04    0.00    0  0.00  6437
   15  0.00e+00  5.418e+04  3.292e+02  0.000e+00  1.630e+04    0.00    0  0.00  6437
   16  0.00e+00  5.418e+04  3.292e+02  0.000e+00  1.630e+04    0.00    0  0.00  6437
   17  0.00e+00  5.418e+04  3.292e+02  0.000e+00  1.630e+04    0.00    0  0.00  6437
   18  0.00e+00  5.418e+04  3.292e+02  0.000e+00  1.630e+04    0.00    0  0.00  6437
   19  0.00e+00  5.418e+04  3.292e+02  0.000e+00  1.630e+04    0.00    0  0.00  6437
   20  0.00e+00  5.418e+04  3.292e+02  0.000e+00  1.630e+04    0.00    0  0.00  6437
   21  0.00e+00  5.418e+04  3.292e+02  0.000e+00  1.630e+04    0.00    0  0.00  6437
   22  0.00e+00  5.418e+04  3.292e+02  0.000e+00  1.630e+04    0.00    0  0.00  6437
   23  0.00e+00  5.418e+04  3.292e+02  0.000e+00  1.630e+04    0.00    0  0.00  6437
 iter  chg_diag       fval   |M-MX|_F  p^T diagX         mu   tr(X)  nnz   sep  upd
   24  0.00e+00  5.418e+04  3.292e+02  0.000e+00  1.630e+04    0.00    0  0.00  6437
   25  0.00e+00  5.418e+04  3.292e+02  0.000e+00  1.630e+04    0.00    0  0.00  6437
   26  0.00e+00  5.418e+04  3.292e+02  0.000e+00  1.630e+04    0.00    0  0.00  6437
   27  0.00e+00  5.418e+04  3.292e+02  0.000e+00  1.630e+04    0.00    0  0.00  6437
   28  0.00e+00  5.418e+04  3.292e+02  0.000e+00  1.630e+04    0.00    0  0.00  6437
   29  0.00e+00  5.418e+04  3.292e+02  0.000e+00  1.630e+04    0.00    0  0.00  6437
   30  0.00e+00  5.418e+04  3.292e+02  0.000e+00  1.630e+04    0.00    0  0.00  6437
   31  0.00e+00  5.418e+04  3.292e+02  0.000e+00  1.630e+04    0.00    0  0.00  6437
   32  0.00e+00  5.418e+04  3.292e+02  0.000e+00  1.630e+04    0.00    0  0.00  6437
   33  0.00e+00  5.418e+04  3.292e+02  0.000e+00  1.630e+04    0.00    0  0.00  6437
   34  0.00e+00  5.418e+04  3.292e+02  0.000e+00  1.630e+04    0.00    0  0.00  6437
   35  0.00e+00  5.418e+04  3.292e+02  0.000e+00  1.630e+04    0.00    0  0.00  6437
   36  0.00e+00  5.418e+04  3.292e+02  0.000e+00  1.630e+04    0.00    0  0.00  6437
   37  0.00e+00  5.418e+04  3.292e+02  0.000e+00  1.630e+04    0.00    0  0.00  6437
   38  0.00e+00  5.418e+04  3.292e+02  0.000e+00  1.630e+04    0.00    0  0.00  6437
   39  0.00e+00  5.418e+04  3.292e+02  0.000e+00  1.630e+04    0.00    0  0.00  6437
   40  0.00e+00  5.418e+04  3.292e+02  0.000e+00  1.630e+04    0.00    0  0.00  6437
   41  0.00e+00  5.418e+04  3.292e+02  0.000e+00  1.630e+04    0.00    0  0.00  6437
   42  0.00e+00  5.418e+04  3.292e+02  0.000e+00  1.630e+04    0.00    0  0.00  6437
   43  0.00e+00  5.418e+04  3.292e+02  0.000e+00  1.630e+04    0.00    0  0.00  6437
   44  0.00e+00  5.418e+04  3.292e+02  0.000e+00  1.630e+04    0.00    0  0.00  6437
   45  0.00e+00  5.418e+04  3.292e+02  0.000e+00  1.630e+04    0.00    0  0.00  6437
   46  0.00e+00  5.418e+04  3.292e+02  0.000e+00  1.630e+04    0.00    0  0.00  6437
   47  0.00e+00  5.418e+04  3.292e+02  0.000e+00  1.630e+04    0.00    0  0.00  6437
 iter  chg_diag       fval   |M-MX|_F  p^T diagX         mu   tr(X)  nnz   sep  upd
   48  0.00e+00  5.418e+04  3.292e+02  0.000e+00  1.630e+04    0.00    0  0.00  6437
   49  0.00e+00  5.418e+04  3.292e+02  0.000e+00  1.630e+04    0.00    0  0.00  6437
   50  0.00e+00  5.418e+04  3.292e+02  0.000e+00  1.630e+04    0.00    0  0.00  6437
   51  0.00e+00  5.418e+04  3.292e+02  0.000e+00  1.630e+04    0.00    0  0.00  6437
   52  0.00e+00  5.418e+04  3.292e+02  0.000e+00  1.630e+04    0.00    0  0.00  6437
   53  0.00e+00  5.418e+04  3.292e+02  0.000e+00  1.630e+04    0.00    0  0.00  6437
   54  0.00e+00  5.418e+04  3.292e+02  0.000e+00  1.630e+04    0.00    0  0.00  6437
   55  0.00e+00  5.418e+04  3.292e+02  0.000e+00  1.630e+04    0.00    0  0.00  6437
   56  0.00e+00  5.418e+04  3.292e+02  0.000e+00  1.630e+04    0.00    0  0.00  6437
   57  0.00e+00  5.418e+04  3.292e+02  0.000e+00  1.630e+04    0.00    0  0.00  6437
   58  0.00e+00  5.418e+04  3.292e+02  0.000e+00  1.630e+04    0.00    0  0.00  6437
   59  0.00e+00  5.418e+04  3.292e+02  0.000e+00  1.630e+04    0.00    0  0.00  6437
   60  0.00e+00  5.418e+04  3.292e+02  0.000e+00  1.630e+04    0.00    0  0.00  6437
   61  0.00e+00  5.418e+04  3.292e+02  0.000e+00  1.630e+04    0.00    0  0.00  6437
   62  0.00e+00  5.418e+04  3.292e+02  0.000e+00  1.630e+04    0.00    0  0.00  6437
   63  0.00e+00  5.418e+04  3.292e+02  0.000e+00  1.630e+04    0.00    0  0.00  6437
   64  0.00e+00  5.418e+04  3.292e+02  0.000e+00  1.630e+04    0.00    0  0.00  6437
   65  0.00e+00  5.418e+04  3.292e+02  0.000e+00  1.630e+04    0.00    0  0.00  6437
   66  0.00e+00  5.418e+04  3.292e+02  0.000e+00  1.630e+04    0.00    0  0.00  6437
   67  0.00e+00  5.418e+04  3.292e+02  0.000e+00  1.630e+04    0.00    0  0.00  6437
   68  0.00e+00  5.418e+04  3.292e+02  0.000e+00  1.630e+04    0.00    0  0.00  6437
   69  0.00e+00  5.418e+04  3.292e+02  0.000e+00  1.630e+04    0.00    0  0.00  6437
   70  0.00e+00  5.418e+04  3.292e+02  0.000e+00  1.630e+04    0.00    0  0.00  6437
   71  0.00e+00  5.418e+04  3.292e+02  0.000e+00  1.630e+04    0.00    0  0.00  6437
 iter  chg_diag       fval   |M-MX|_F  p^T diagX         mu   tr(X)  nnz   sep  upd
   72  0.00e+00  5.418e+04  3.292e+02  0.000e+00  1.630e+04    0.00    0  0.00  6437
   73  0.00e+00  5.418e+04  3.292e+02  0.000e+00  1.630e+04    0.00    0  0.00  6437
   74  0.00e+00  5.418e+04  3.292e+02  0.000e+00  1.630e+04    0.00    0  0.00  6437
   75  0.00e+00  5.418e+04  3.292e+02  0.000e+00  1.630e+04    0.00    0  0.00  6437
   76  0.00e+00  5.418e+04  3.292e+02  0.000e+00  1.630e+04    0.00    0  0.00  6437
   77  0.00e+00  5.418e+04  3.292e+02  0.000e+00  1.630e+04    0.00    0  0.00  6437
   78  0.00e+00  5.418e+04  3.292e+02  0.000e+00  1.630e+04    0.00    0  0.00  6437
   79  0.00e+00  5.418e+04  3.292e+02  0.000e+00  1.630e+04    0.00    0  0.00  6437
   80  0.00e+00  5.418e+04  3.292e+02  0.000e+00  1.630e+04    0.00    0  0.00  6437
   81  0.00e+00  5.418e+04  3.292e+02  0.000e+00  1.630e+04    0.00    0  0.00  6437
   82  0.00e+00  5.418e+04  3.292e+02  0.000e+00  1.630e+04    0.00    0  0.00  6437
   83  0.00e+00  5.418e+04  3.292e+02  0.000e+00  1.630e+04    0.00    0  0.00  6437
   84  0.00e+00  5.418e+04  3.292e+02  0.000e+00  1.630e+04    0.00    0  0.00  6437
   85  0.00e+00  5.418e+04  3.292e+02  0.000e+00  1.630e+04    0.00    0  0.00  6437
   86  0.00e+00  5.418e+04  3.292e+02  0.000e+00  1.630e+04    0.00    0  0.00  6437
   87  0.00e+00  5.418e+04  3.292e+02  0.000e+00  1.630e+04    0.00    0  0.00  6437
   88  0.00e+00  5.418e+04  3.292e+02  0.000e+00  1.630e+04    0.00    0  0.00  6437
   89  0.00e+00  5.418e+04  3.292e+02  0.000e+00  1.630e+04    0.00    0  0.00  6437
   90  0.00e+00  5.418e+04  3.292e+02  0.000e+00  1.630e+04    0.00    0  0.00  6437
   91  0.00e+00  5.418e+04  3.292e+02  0.000e+00  1.630e+04    0.00    0  0.00  6437
   92  0.00e+00  5.418e+04  3.292e+02  0.000e+00  1.630e+04    0.00    0  0.00  6437
   93  0.00e+00  5.418e+04  3.292e+02  0.000e+00  1.630e+04    0.00    0  0.00  6437
   94  0.00e+00  5.418e+04  3.292e+02  0.000e+00  1.630e+04    0.00    0  0.00  6437
   95  0.00e+00  5.418e+04  3.292e+02  0.000e+00  1.630e+04    0.00    0  0.00  6437
 iter  chg_diag       fval   |M-MX|_F  p^T diagX         mu   tr(X)  nnz   sep  upd
   96  0.00e+00  5.418e+04  3.292e+02  0.000e+00  1.630e+04    0.00    0  0.00  6437
   97  0.00e+00  5.418e+04  3.292e+02  0.000e+00  1.630e+04    0.00    0  0.00  6437
   98  0.00e+00  5.418e+04  3.292e+02  0.000e+00  1.630e+04    0.00    0  0.00  6437
   99  0.00e+00  5.418e+04  3.292e+02  0.000e+00  1.630e+04    0.00    0  0.00  6437
  100  0.00e+00  5.418e+04  3.292e+02  0.000e+00  1.630e+04    0.00    0  0.00  6437
  100  0.00e+00  5.418e+04  3.292e+02  0.000e+00  1.630e+04    0.00    0  0.00  6437
hatA: 
 (123,1)        1
 (179,1)        1
 (207,1)        1
 (272,1)        1
 (591,1)        1
(1768,1)        1
(1807,1)        1
(1809,1)        1
(1907,1)        1
(3541,1)        1
(3927,1)        1
(5082,1)        1
(6191,1)        1
 (181,2)        1
 (286,2)        1
(2652,2)        1
(4810,2)        1
(4974,2)        1
   (4,3)        1
 (217,3)        1
 (681,3)        1
 (871,3)        1
(1084,3)        1
(3423,3)        1
(3929,3)        1
(3969,3)        1
(5697,3)        1
(5770,3)        1
(5794,3)        1
(5795,3)        1
(5796,3)        1
(5797,3)        1
(5971,3)        1
   (3,4)        1
  (17,4)        1
 (113,4)        1
 (181,4)        1
 (217,4)        1
 (515,4)        1
 (861,4)        1
 (965,4)        1
 (969,4)        1
(1068,4)        1
(1083,4)        1
(1667,4)        1
(1668,4)        1
(1887,4)        1
(2296,4)        1
(2787,4)        1
(3109,4)        1
(3159,4)        1
(3643,4)        1
(3828,4)        1
(3906,4)        1
(5097,4)        1
(5280,4)        1
(6287,4)        1
  (27,5)        1
  (90,5)        1
 (812,5)        1
(1641,5)        1
(1865,5)        1
(2962,5)        1
(2963,5)        1
  (32,6)        1
  (91,6)        1
 (139,6)        1
 (140,6)        1
 (231,6)        1
 (232,6)        1
 (967,6)        1
(1534,6)        1
(1580,6)        1
(1628,6)        1
(1959,6)        1
(2225,6)        1
(2722,6)        1
(3000,6)        1
(3109,6)        1
(4977,6)        1

#Nodes: 6437 - #communities: 6
Save to ./results/official/FG//DBLP_1_mu_auto.mat 
	Command being timed: "matlab -nodisplay -nodesktop -r codeName='official'; methodName='FG'; dataSource='DBLP'; dataIndex=1; expSetup__fg; quit"
	User time (seconds): 1241.21
	System time (seconds): 87.38
	Percent of CPU this job got: 148%
	Elapsed (wall clock) time (h:mm:ss or m:ss): 14:52.92
	Average shared text size (kbytes): 0
	Average unshared data size (kbytes): 0
	Average stack size (kbytes): 0
	Average total size (kbytes): 0
	Maximum resident set size (kbytes): 3514784
	Average resident set size (kbytes): 0
	Major (requiring I/O) page faults: 0
	Minor (reclaiming a frame) page faults: 1129317
	Voluntary context switches: 168043
	Involuntary context switches: 18460
	Swaps: 0
	File system inputs: 0
	File system outputs: 15632
	Socket messages sent: 0
	Socket messages received: 0
	Signals delivered: 0
	Page size (bytes): 4096
	Exit status: 0
