
                            < M A T L A B (R) >
                  Copyright 1984-2021 The MathWorks, Inc.
             R2021a Update 5 (9.10.0.1739362) 64-bit (glnxa64)
                               August 9, 2021

 
To get started, type doc.
For product information, visit www.mathworks.com.
 
Setting CVX paths...done.
Done
Running FG ...
Using coefficient spread of 0.010000 for p
M has 3509 rows, 3509 columns 48338 nonzeros (density 0.004)
Ms has 3509 rows, 3509 columns 48338 nonzeros (density 0.004)
Ms'M has 830057 NZ, density 0.067, fill 17.17
Ms'Ms has 830057 NZ, density 0.067, fill 17.17
Estimated Lipschitz constant is 1.03e+03
Target trace value is 3.00
Projection method is parproj
 iter  chg_diag       fval   |M-MX|_F  p^T diagX         mu   tr(X)  nnz   sep  upd
    0  0.00e+00  2.417e+04  2.199e+02  0.000e+00  1.174e+04    0.00    0  0.00  3509
    1  0.00e+00  2.417e+04  2.199e+02  0.000e+00  1.174e+04    0.00    0  0.00  3509
    2  0.00e+00  2.417e+04  2.199e+02  0.000e+00  1.174e+04    0.00    0  0.00  3509
    3  0.00e+00  2.417e+04  2.199e+02  0.000e+00  1.174e+04    0.00    0  0.00  3509
    4  0.00e+00  2.417e+04  2.199e+02  0.000e+00  1.174e+04    0.00    0  0.00  3509
    5  0.00e+00  2.417e+04  2.199e+02  0.000e+00  1.174e+04    0.00    0  0.00  3509
    6  0.00e+00  2.417e+04  2.199e+02  0.000e+00  1.174e+04    0.00    0  0.00  3509
    7  0.00e+00  2.417e+04  2.199e+02  0.000e+00  1.174e+04    0.00    0  0.00  3509
    8  0.00e+00  2.417e+04  2.199e+02  0.000e+00  1.174e+04    0.00    0  0.00  3509
    9  0.00e+00  2.417e+04  2.199e+02  0.000e+00  1.174e+04    0.00    0  0.00  3509
   10  0.00e+00  2.417e+04  2.199e+02  0.000e+00  1.174e+04    0.00    0  0.00  3509
   11  0.00e+00  2.417e+04  2.199e+02  0.000e+00  1.174e+04    0.00    0  0.00  3509
   12  0.00e+00  2.417e+04  2.199e+02  0.000e+00  1.174e+04    0.00    0  0.00  3509
   13  0.00e+00  2.417e+04  2.199e+02  0.000e+00  1.174e+04    0.00    0  0.00  3509
   14  0.00e+00  2.417e+04  2.199e+02  0.000e+00  1.174e+04    0.00    0  0.00  3509
   15  0.00e+00  2.417e+04  2.199e+02  0.000e+00  1.174e+04    0.00    0  0.00  3509
   16  0.00e+00  2.417e+04  2.199e+02  0.000e+00  1.174e+04    0.00    0  0.00  3509
   17  0.00e+00  2.417e+04  2.199e+02  0.000e+00  1.174e+04    0.00    0  0.00  3509
   18  0.00e+00  2.417e+04  2.199e+02  0.000e+00  1.174e+04    0.00    0  0.00  3509
   19  0.00e+00  2.417e+04  2.199e+02  0.000e+00  1.174e+04    0.00    0  0.00  3509
   20  0.00e+00  2.417e+04  2.199e+02  0.000e+00  1.174e+04    0.00    0  0.00  3509
   21  0.00e+00  2.417e+04  2.199e+02  0.000e+00  1.174e+04    0.00    0  0.00  3509
   22  0.00e+00  2.417e+04  2.199e+02  0.000e+00  1.174e+04    0.00    0  0.00  3509
   23  0.00e+00  2.417e+04  2.199e+02  0.000e+00  1.174e+04    0.00    0  0.00  3509
 iter  chg_diag       fval   |M-MX|_F  p^T diagX         mu   tr(X)  nnz   sep  upd
   24  0.00e+00  2.417e+04  2.199e+02  0.000e+00  1.174e+04    0.00    0  0.00  3509
   25  0.00e+00  2.417e+04  2.199e+02  0.000e+00  1.174e+04    0.00    0  0.00  3509
   26  0.00e+00  2.417e+04  2.199e+02  0.000e+00  1.174e+04    0.00    0  0.00  3509
   27  0.00e+00  2.417e+04  2.199e+02  0.000e+00  1.174e+04    0.00    0  0.00  3509
   28  0.00e+00  2.417e+04  2.199e+02  0.000e+00  1.174e+04    0.00    0  0.00  3509
   29  0.00e+00  2.417e+04  2.199e+02  0.000e+00  1.174e+04    0.00    0  0.00  3509
   30  0.00e+00  2.417e+04  2.199e+02  0.000e+00  1.174e+04    0.00    0  0.00  3509
   31  0.00e+00  2.417e+04  2.199e+02  0.000e+00  1.174e+04    0.00    0  0.00  3509
   32  0.00e+00  2.417e+04  2.199e+02  0.000e+00  1.174e+04    0.00    0  0.00  3509
   33  0.00e+00  2.417e+04  2.199e+02  0.000e+00  1.174e+04    0.00    0  0.00  3509
   34  0.00e+00  2.417e+04  2.199e+02  0.000e+00  1.174e+04    0.00    0  0.00  3509
   35  0.00e+00  2.417e+04  2.199e+02  0.000e+00  1.174e+04    0.00    0  0.00  3509
   36  0.00e+00  2.417e+04  2.199e+02  0.000e+00  1.174e+04    0.00    0  0.00  3509
   37  0.00e+00  2.417e+04  2.199e+02  0.000e+00  1.174e+04    0.00    0  0.00  3509
   38  0.00e+00  2.417e+04  2.199e+02  0.000e+00  1.174e+04    0.00    0  0.00  3509
   39  0.00e+00  2.417e+04  2.199e+02  0.000e+00  1.174e+04    0.00    0  0.00  3509
   40  0.00e+00  2.417e+04  2.199e+02  0.000e+00  1.174e+04    0.00    0  0.00  3509
   41  0.00e+00  2.417e+04  2.199e+02  0.000e+00  1.174e+04    0.00    0  0.00  3509
   42  0.00e+00  2.417e+04  2.199e+02  0.000e+00  1.174e+04    0.00    0  0.00  3509
   43  0.00e+00  2.417e+04  2.199e+02  0.000e+00  1.174e+04    0.00    0  0.00  3509
   44  0.00e+00  2.417e+04  2.199e+02  0.000e+00  1.174e+04    0.00    0  0.00  3509
   45  0.00e+00  2.417e+04  2.199e+02  0.000e+00  1.174e+04    0.00    0  0.00  3509
   46  0.00e+00  2.417e+04  2.199e+02  0.000e+00  1.174e+04    0.00    0  0.00  3509
   47  0.00e+00  2.417e+04  2.199e+02  0.000e+00  1.174e+04    0.00    0  0.00  3509
 iter  chg_diag       fval   |M-MX|_F  p^T diagX         mu   tr(X)  nnz   sep  upd
   48  0.00e+00  2.417e+04  2.199e+02  0.000e+00  1.174e+04    0.00    0  0.00  3509
   49  0.00e+00  2.417e+04  2.199e+02  0.000e+00  1.174e+04    0.00    0  0.00  3509
   50  0.00e+00  2.417e+04  2.199e+02  0.000e+00  1.174e+04    0.00    0  0.00  3509
   51  0.00e+00  2.417e+04  2.199e+02  0.000e+00  1.174e+04    0.00    0  0.00  3509
   52  0.00e+00  2.417e+04  2.199e+02  0.000e+00  1.174e+04    0.00    0  0.00  3509
   53  0.00e+00  2.417e+04  2.199e+02  0.000e+00  1.174e+04    0.00    0  0.00  3509
   54  0.00e+00  2.417e+04  2.199e+02  0.000e+00  1.174e+04    0.00    0  0.00  3509
   55  0.00e+00  2.417e+04  2.199e+02  0.000e+00  1.174e+04    0.00    0  0.00  3509
   56  0.00e+00  2.417e+04  2.199e+02  0.000e+00  1.174e+04    0.00    0  0.00  3509
   57  0.00e+00  2.417e+04  2.199e+02  0.000e+00  1.174e+04    0.00    0  0.00  3509
   58  0.00e+00  2.417e+04  2.199e+02  0.000e+00  1.174e+04    0.00    0  0.00  3509
   59  0.00e+00  2.417e+04  2.199e+02  0.000e+00  1.174e+04    0.00    0  0.00  3509
   60  0.00e+00  2.417e+04  2.199e+02  0.000e+00  1.174e+04    0.00    0  0.00  3509
   61  0.00e+00  2.417e+04  2.199e+02  0.000e+00  1.174e+04    0.00    0  0.00  3509
   62  0.00e+00  2.417e+04  2.199e+02  0.000e+00  1.174e+04    0.00    0  0.00  3509
   63  0.00e+00  2.417e+04  2.199e+02  0.000e+00  1.174e+04    0.00    0  0.00  3509
   64  0.00e+00  2.417e+04  2.199e+02  0.000e+00  1.174e+04    0.00    0  0.00  3509
   65  0.00e+00  2.417e+04  2.199e+02  0.000e+00  1.174e+04    0.00    0  0.00  3509
   66  0.00e+00  2.417e+04  2.199e+02  0.000e+00  1.174e+04    0.00    0  0.00  3509
   67  0.00e+00  2.417e+04  2.199e+02  0.000e+00  1.174e+04    0.00    0  0.00  3509
   68  0.00e+00  2.417e+04  2.199e+02  0.000e+00  1.174e+04    0.00    0  0.00  3509
   69  0.00e+00  2.417e+04  2.199e+02  0.000e+00  1.174e+04    0.00    0  0.00  3509
   70  0.00e+00  2.417e+04  2.199e+02  0.000e+00  1.174e+04    0.00    0  0.00  3509
   71  0.00e+00  2.417e+04  2.199e+02  0.000e+00  1.174e+04    0.00    0  0.00  3509
 iter  chg_diag       fval   |M-MX|_F  p^T diagX         mu   tr(X)  nnz   sep  upd
   72  0.00e+00  2.417e+04  2.199e+02  0.000e+00  1.174e+04    0.00    0  0.00  3509
   73  0.00e+00  2.417e+04  2.199e+02  0.000e+00  1.174e+04    0.00    0  0.00  3509
   74  0.00e+00  2.417e+04  2.199e+02  0.000e+00  1.174e+04    0.00    0  0.00  3509
   75  0.00e+00  2.417e+04  2.199e+02  0.000e+00  1.174e+04    0.00    0  0.00  3509
   76  0.00e+00  2.417e+04  2.199e+02  0.000e+00  1.174e+04    0.00    0  0.00  3509
   77  0.00e+00  2.417e+04  2.199e+02  0.000e+00  1.174e+04    0.00    0  0.00  3509
   78  0.00e+00  2.417e+04  2.199e+02  0.000e+00  1.174e+04    0.00    0  0.00  3509
   79  0.00e+00  2.417e+04  2.199e+02  0.000e+00  1.174e+04    0.00    0  0.00  3509
   80  0.00e+00  2.417e+04  2.199e+02  0.000e+00  1.174e+04    0.00    0  0.00  3509
   81  0.00e+00  2.417e+04  2.199e+02  0.000e+00  1.174e+04    0.00    0  0.00  3509
   82  0.00e+00  2.417e+04  2.199e+02  0.000e+00  1.174e+04    0.00    0  0.00  3509
   83  0.00e+00  2.417e+04  2.199e+02  0.000e+00  1.174e+04    0.00    0  0.00  3509
   84  0.00e+00  2.417e+04  2.199e+02  0.000e+00  1.174e+04    0.00    0  0.00  3509
   85  0.00e+00  2.417e+04  2.199e+02  0.000e+00  1.174e+04    0.00    0  0.00  3509
   86  0.00e+00  2.417e+04  2.199e+02  0.000e+00  1.174e+04    0.00    0  0.00  3509
   87  0.00e+00  2.417e+04  2.199e+02  0.000e+00  1.174e+04    0.00    0  0.00  3509
   88  0.00e+00  2.417e+04  2.199e+02  0.000e+00  1.174e+04    0.00    0  0.00  3509
   89  0.00e+00  2.417e+04  2.199e+02  0.000e+00  1.174e+04    0.00    0  0.00  3509
   90  0.00e+00  2.417e+04  2.199e+02  0.000e+00  1.174e+04    0.00    0  0.00  3509
   91  0.00e+00  2.417e+04  2.199e+02  0.000e+00  1.174e+04    0.00    0  0.00  3509
   92  0.00e+00  2.417e+04  2.199e+02  0.000e+00  1.174e+04    0.00    0  0.00  3509
   93  0.00e+00  2.417e+04  2.199e+02  0.000e+00  1.174e+04    0.00    0  0.00  3509
   94  0.00e+00  2.417e+04  2.199e+02  0.000e+00  1.174e+04    0.00    0  0.00  3509
   95  0.00e+00  2.417e+04  2.199e+02  0.000e+00  1.174e+04    0.00    0  0.00  3509
 iter  chg_diag       fval   |M-MX|_F  p^T diagX         mu   tr(X)  nnz   sep  upd
   96  0.00e+00  2.417e+04  2.199e+02  0.000e+00  1.174e+04    0.00    0  0.00  3509
   97  0.00e+00  2.417e+04  2.199e+02  0.000e+00  1.174e+04    0.00    0  0.00  3509
   98  0.00e+00  2.417e+04  2.199e+02  0.000e+00  1.174e+04    0.00    0  0.00  3509
   99  0.00e+00  2.417e+04  2.199e+02  0.000e+00  1.174e+04    0.00    0  0.00  3509
  100  0.00e+00  2.417e+04  2.199e+02  0.000e+00  1.174e+04    0.00    0  0.00  3509
  100  0.00e+00  2.417e+04  2.199e+02  0.000e+00  1.174e+04    0.00    0  0.00  3509
hatA: 
  (22,1)        1
 (182,1)        1
 (580,1)        1
 (598,1)        1
 (599,1)        1
 (804,1)        1
 (955,1)        1
(1081,1)        1
(1255,1)        1
(1347,1)        1
(1456,1)        1
   (8,2)        1
  (12,2)        1
  (13,2)        1
  (14,2)        1
  (71,2)        1
  (79,2)        1
 (100,2)        1
 (112,2)        1
 (131,2)        1
 (182,2)        1
 (226,2)        1
 (262,2)        1
 (266,2)        1
 (295,2)        1
 (306,2)        1
 (307,2)        1
 (314,2)        1
 (335,2)        1
 (351,2)        1
 (400,2)        1
 (479,2)        1
 (660,2)        1
 (870,2)        1
 (926,2)        1
(1021,2)        1
(1161,2)        1
(1223,2)        1
(1242,2)        1
(1245,2)        1
(1246,2)        1
(1266,2)        1
(1272,2)        1
(1273,2)        1
(1288,2)        1
(1289,2)        1
(1301,2)        1
(1313,2)        1
(1314,2)        1
(1317,2)        1
(1318,2)        1
(1323,2)        1
(1337,2)        1
(1342,2)        1
(1343,2)        1
(1385,2)        1
(1436,2)        1
(1453,2)        1
(1474,2)        1
(1475,2)        1
(1514,2)        1
(1522,2)        1
(1523,2)        1
(1592,2)        1
(1626,2)        1
(1635,2)        1
(1660,2)        1
(1687,2)        1
(1721,2)        1
(1742,2)        1
(1753,2)        1
(1767,2)        1
(1839,2)        1
(1864,2)        1
(1878,2)        1
(1883,2)        1
(1886,2)        1
(1931,2)        1
(1962,2)        1
(1966,2)        1
(1986,2)        1
(2015,2)        1
(2016,2)        1
(2036,2)        1
(2037,2)        1
(2038,2)        1
(2068,2)        1
(2109,2)        1
(2110,2)        1
(2112,2)        1
(2113,2)        1
(2221,2)        1
(2294,2)        1
(2295,2)        1
(2324,2)        1
(2325,2)        1
(2362,2)        1
(2370,2)        1
(2388,2)        1
(2389,2)        1
(2398,2)        1
(2405,2)        1
(2407,2)        1
(2432,2)        1
(2443,2)        1
(2464,2)        1
(2479,2)        1
(2480,2)        1
(2485,2)        1
(2491,2)        1
(2505,2)        1
(2513,2)        1
(2541,2)        1
(2542,2)        1
(2549,2)        1
(2550,2)        1
(2558,2)        1
(2562,2)        1
(2590,2)        1
(2591,2)        1
(2608,2)        1
(2610,2)        1
(2615,2)        1
(2630,2)        1
(2631,2)        1
(2669,2)        1
(2689,2)        1
(2699,2)        1
(2700,2)        1
(2701,2)        1
(2702,2)        1
(2703,2)        1
(2704,2)        1
(2705,2)        1
(2706,2)        1
(2707,2)        1
(2726,2)        1
(2802,2)        1
(2810,2)        1
(2811,2)        1
(2812,2)        1
(2813,2)        1
(2816,2)        1
(2823,2)        1
(2831,2)        1
(2895,2)        1
(2896,2)        1
(2897,2)        1
(2898,2)        1
(2899,2)        1
(2900,2)        1
(2901,2)        1
(2908,2)        1
(2911,2)        1
(2936,2)        1
(2941,2)        1
(2945,2)        1
(2976,2)        1
(2977,2)        1
(3001,2)        1
(3011,2)        1
(3012,2)        1
(3020,2)        1
(3027,2)        1
(3034,2)        1
(3045,2)        1
(3046,2)        1
(3047,2)        1
(3048,2)        1
(3083,2)        1
(3086,2)        1
(3099,2)        1
(3100,2)        1
(3101,2)        1
(3103,2)        1
(3110,2)        1
(3117,2)        1
(3122,2)        1
(3125,2)        1
(3129,2)        1
(3130,2)        1
(3139,2)        1
(3140,2)        1
(3141,2)        1
(3190,2)        1
(3191,2)        1
(3192,2)        1
(3193,2)        1
(3218,2)        1
(3252,2)        1
(3253,2)        1
(3258,2)        1
(3275,2)        1
(3276,2)        1
(3277,2)        1
(3278,2)        1
(3279,2)        1
(3280,2)        1
(3281,2)        1
(3282,2)        1
(3283,2)        1
(3284,2)        1
(3313,2)        1
(3322,2)        1
(3344,2)        1
(3393,2)        1
(3394,2)        1
(3395,2)        1
(3412,2)        1
(3461,2)        1
 (570,3)        1
(1548,3)        1
(1549,3)        1
(1550,3)        1
 (128,4)        1
 (164,4)        1
 (303,4)        1
 (304,4)        1
 (305,4)        1

#Nodes: 3509 - #communities: 4
Save to ./results/official/FG//DBLP_5_mu_auto.mat 
	Command being timed: "matlab -nodisplay -nodesktop -r codeName='official'; methodName='FG'; dataSource='DBLP'; dataIndex=5; expSetup__fg; quit"
	User time (seconds): 358.53
	System time (seconds): 36.62
	Percent of CPU this job got: 179%
	Elapsed (wall clock) time (h:mm:ss or m:ss): 3:40.49
	Average shared text size (kbytes): 0
	Average unshared data size (kbytes): 0
	Average stack size (kbytes): 0
	Average total size (kbytes): 0
	Maximum resident set size (kbytes): 1851096
	Average resident set size (kbytes): 0
	Major (requiring I/O) page faults: 0
	Minor (reclaiming a frame) page faults: 824248
	Voluntary context switches: 126255
	Involuntary context switches: 35430
	Swaps: 0
	File system inputs: 0
	File system outputs: 15200
	Socket messages sent: 0
	Socket messages received: 0
	Signals delivered: 0
	Page size (bytes): 4096
	Exit status: 0
