
                            < M A T L A B (R) >
                  Copyright 1984-2021 The MathWorks, Inc.
             R2021a Update 5 (9.10.0.1739362) 64-bit (glnxa64)
                               August 9, 2021

 
To get started, type doc.
For product information, visit www.mathworks.com.
 
Setting CVX paths...done.
Done
Running FG ...
Using coefficient spread of 0.010000 for p
M has 1034 rows, 1034 columns 10136 nonzeros (density 0.009)
Ms has 1034 rows, 1034 columns 10136 nonzeros (density 0.009)
Ms'M has 103828 NZ, density 0.097, fill 10.24
Ms'Ms has 103828 NZ, density 0.097, fill 10.24
Estimated Lipschitz constant is 4.74e+02
Target trace value is 2.50
Projection method is parproj
 iter  chg_diag       fval   |M-MX|_F  p^T diagX         mu   tr(X)  nnz   sep  upd
    0  0.00e+00  5.068e+03  1.007e+02  0.000e+00  3.181e+03    0.00    0  0.00  1034
    1  0.00e+00  5.068e+03  1.007e+02  0.000e+00  3.181e+03    0.00    0  0.00  1034
    2  0.00e+00  5.068e+03  1.007e+02  0.000e+00  3.181e+03    0.00    0  0.00  1034
    3  0.00e+00  5.068e+03  1.007e+02  0.000e+00  3.181e+03    0.00    0  0.00  1034
    4  0.00e+00  5.068e+03  1.007e+02  0.000e+00  3.181e+03    0.00    0  0.00  1034
    5  0.00e+00  5.068e+03  1.007e+02  0.000e+00  3.181e+03    0.00    0  0.00  1034
    6  0.00e+00  5.068e+03  1.007e+02  0.000e+00  3.181e+03    0.00    0  0.00  1034
    7  0.00e+00  5.068e+03  1.007e+02  0.000e+00  3.181e+03    0.00    0  0.00  1034
    8  0.00e+00  5.068e+03  1.007e+02  0.000e+00  3.181e+03    0.00    0  0.00  1034
    9  0.00e+00  5.068e+03  1.007e+02  0.000e+00  3.181e+03    0.00    0  0.00  1034
   10  0.00e+00  5.068e+03  1.007e+02  0.000e+00  3.181e+03    0.00    0  0.00  1034
   11  0.00e+00  5.068e+03  1.007e+02  0.000e+00  3.181e+03    0.00    0  0.00  1034
   12  0.00e+00  5.068e+03  1.007e+02  0.000e+00  3.181e+03    0.00    0  0.00  1034
   13  0.00e+00  5.068e+03  1.007e+02  0.000e+00  3.181e+03    0.00    0  0.00  1034
   14  0.00e+00  5.068e+03  1.007e+02  0.000e+00  3.181e+03    0.00    0  0.00  1034
   15  0.00e+00  5.068e+03  1.007e+02  0.000e+00  3.181e+03    0.00    0  0.00  1034
   16  0.00e+00  5.068e+03  1.007e+02  0.000e+00  3.181e+03    0.00    0  0.00  1034
   17  0.00e+00  5.068e+03  1.007e+02  0.000e+00  3.181e+03    0.00    0  0.00  1034
   18  0.00e+00  5.068e+03  1.007e+02  0.000e+00  3.181e+03    0.00    0  0.00  1034
   19  0.00e+00  5.068e+03  1.007e+02  0.000e+00  3.181e+03    0.00    0  0.00  1034
   20  0.00e+00  5.068e+03  1.007e+02  0.000e+00  3.181e+03    0.00    0  0.00  1034
   21  0.00e+00  5.068e+03  1.007e+02  0.000e+00  3.181e+03    0.00    0  0.00  1034
   22  0.00e+00  5.068e+03  1.007e+02  0.000e+00  3.181e+03    0.00    0  0.00  1034
   23  0.00e+00  5.068e+03  1.007e+02  0.000e+00  3.181e+03    0.00    0  0.00  1034
 iter  chg_diag       fval   |M-MX|_F  p^T diagX         mu   tr(X)  nnz   sep  upd
   24  0.00e+00  5.068e+03  1.007e+02  0.000e+00  3.181e+03    0.00    0  0.00  1034
   25  0.00e+00  5.068e+03  1.007e+02  0.000e+00  3.181e+03    0.00    0  0.00  1034
   26  0.00e+00  5.068e+03  1.007e+02  0.000e+00  3.181e+03    0.00    0  0.00  1034
   27  0.00e+00  5.068e+03  1.007e+02  0.000e+00  3.181e+03    0.00    0  0.00  1034
   28  0.00e+00  5.068e+03  1.007e+02  0.000e+00  3.181e+03    0.00    0  0.00  1034
   29  0.00e+00  5.068e+03  1.007e+02  0.000e+00  3.181e+03    0.00    0  0.00  1034
   30  0.00e+00  5.068e+03  1.007e+02  0.000e+00  3.181e+03    0.00    0  0.00  1034
   31  0.00e+00  5.068e+03  1.007e+02  0.000e+00  3.181e+03    0.00    0  0.00  1034
   32  0.00e+00  5.068e+03  1.007e+02  0.000e+00  3.181e+03    0.00    0  0.00  1034
   33  0.00e+00  5.068e+03  1.007e+02  0.000e+00  3.181e+03    0.00    0  0.00  1034
   34  0.00e+00  5.068e+03  1.007e+02  0.000e+00  3.181e+03    0.00    0  0.00  1034
   35  0.00e+00  5.068e+03  1.007e+02  0.000e+00  3.181e+03    0.00    0  0.00  1034
   36  0.00e+00  5.068e+03  1.007e+02  0.000e+00  3.181e+03    0.00    0  0.00  1034
   37  0.00e+00  5.068e+03  1.007e+02  0.000e+00  3.181e+03    0.00    0  0.00  1034
   38  0.00e+00  5.068e+03  1.007e+02  0.000e+00  3.181e+03    0.00    0  0.00  1034
   39  0.00e+00  5.068e+03  1.007e+02  0.000e+00  3.181e+03    0.00    0  0.00  1034
   40  0.00e+00  5.068e+03  1.007e+02  0.000e+00  3.181e+03    0.00    0  0.00  1034
   41  0.00e+00  5.068e+03  1.007e+02  0.000e+00  3.181e+03    0.00    0  0.00  1034
   42  0.00e+00  5.068e+03  1.007e+02  0.000e+00  3.181e+03    0.00    0  0.00  1034
   43  0.00e+00  5.068e+03  1.007e+02  0.000e+00  3.181e+03    0.00    0  0.00  1034
   44  0.00e+00  5.068e+03  1.007e+02  0.000e+00  3.181e+03    0.00    0  0.00  1034
   45  0.00e+00  5.068e+03  1.007e+02  0.000e+00  3.181e+03    0.00    0  0.00  1034
   46  0.00e+00  5.068e+03  1.007e+02  0.000e+00  3.181e+03    0.00    0  0.00  1034
   47  0.00e+00  5.068e+03  1.007e+02  0.000e+00  3.181e+03    0.00    0  0.00  1034
 iter  chg_diag       fval   |M-MX|_F  p^T diagX         mu   tr(X)  nnz   sep  upd
   48  0.00e+00  5.068e+03  1.007e+02  0.000e+00  3.181e+03    0.00    0  0.00  1034
   49  0.00e+00  5.068e+03  1.007e+02  0.000e+00  3.181e+03    0.00    0  0.00  1034
   50  0.00e+00  5.068e+03  1.007e+02  0.000e+00  3.181e+03    0.00    0  0.00  1034
   51  0.00e+00  5.068e+03  1.007e+02  0.000e+00  3.181e+03    0.00    0  0.00  1034
   52  0.00e+00  5.068e+03  1.007e+02  0.000e+00  3.181e+03    0.00    0  0.00  1034
   53  0.00e+00  5.068e+03  1.007e+02  0.000e+00  3.181e+03    0.00    0  0.00  1034
   54  0.00e+00  5.068e+03  1.007e+02  0.000e+00  3.181e+03    0.00    0  0.00  1034
   55  0.00e+00  5.068e+03  1.007e+02  0.000e+00  3.181e+03    0.00    0  0.00  1034
   56  0.00e+00  5.068e+03  1.007e+02  0.000e+00  3.181e+03    0.00    0  0.00  1034
   57  0.00e+00  5.068e+03  1.007e+02  0.000e+00  3.181e+03    0.00    0  0.00  1034
   58  0.00e+00  5.068e+03  1.007e+02  0.000e+00  3.181e+03    0.00    0  0.00  1034
   59  0.00e+00  5.068e+03  1.007e+02  0.000e+00  3.181e+03    0.00    0  0.00  1034
   60  0.00e+00  5.068e+03  1.007e+02  0.000e+00  3.181e+03    0.00    0  0.00  1034
   61  0.00e+00  5.068e+03  1.007e+02  0.000e+00  3.181e+03    0.00    0  0.00  1034
   62  0.00e+00  5.068e+03  1.007e+02  0.000e+00  3.181e+03    0.00    0  0.00  1034
   63  0.00e+00  5.068e+03  1.007e+02  0.000e+00  3.181e+03    0.00    0  0.00  1034
   64  0.00e+00  5.068e+03  1.007e+02  0.000e+00  3.181e+03    0.00    0  0.00  1034
   65  0.00e+00  5.068e+03  1.007e+02  0.000e+00  3.181e+03    0.00    0  0.00  1034
   66  0.00e+00  5.068e+03  1.007e+02  0.000e+00  3.181e+03    0.00    0  0.00  1034
   67  0.00e+00  5.068e+03  1.007e+02  0.000e+00  3.181e+03    0.00    0  0.00  1034
   68  0.00e+00  5.068e+03  1.007e+02  0.000e+00  3.181e+03    0.00    0  0.00  1034
   69  0.00e+00  5.068e+03  1.007e+02  0.000e+00  3.181e+03    0.00    0  0.00  1034
   70  0.00e+00  5.068e+03  1.007e+02  0.000e+00  3.181e+03    0.00    0  0.00  1034
   71  0.00e+00  5.068e+03  1.007e+02  0.000e+00  3.181e+03    0.00    0  0.00  1034
 iter  chg_diag       fval   |M-MX|_F  p^T diagX         mu   tr(X)  nnz   sep  upd
   72  0.00e+00  5.068e+03  1.007e+02  0.000e+00  3.181e+03    0.00    0  0.00  1034
   73  0.00e+00  5.068e+03  1.007e+02  0.000e+00  3.181e+03    0.00    0  0.00  1034
   74  0.00e+00  5.068e+03  1.007e+02  0.000e+00  3.181e+03    0.00    0  0.00  1034
   75  0.00e+00  5.068e+03  1.007e+02  0.000e+00  3.181e+03    0.00    0  0.00  1034
   76  0.00e+00  5.068e+03  1.007e+02  0.000e+00  3.181e+03    0.00    0  0.00  1034
   77  0.00e+00  5.068e+03  1.007e+02  0.000e+00  3.181e+03    0.00    0  0.00  1034
   78  0.00e+00  5.068e+03  1.007e+02  0.000e+00  3.181e+03    0.00    0  0.00  1034
   79  0.00e+00  5.068e+03  1.007e+02  0.000e+00  3.181e+03    0.00    0  0.00  1034
   80  0.00e+00  5.068e+03  1.007e+02  0.000e+00  3.181e+03    0.00    0  0.00  1034
   81  0.00e+00  5.068e+03  1.007e+02  0.000e+00  3.181e+03    0.00    0  0.00  1034
   82  0.00e+00  5.068e+03  1.007e+02  0.000e+00  3.181e+03    0.00    0  0.00  1034
   83  0.00e+00  5.068e+03  1.007e+02  0.000e+00  3.181e+03    0.00    0  0.00  1034
   84  0.00e+00  5.068e+03  1.007e+02  0.000e+00  3.181e+03    0.00    0  0.00  1034
   85  0.00e+00  5.068e+03  1.007e+02  0.000e+00  3.181e+03    0.00    0  0.00  1034
   86  0.00e+00  5.068e+03  1.007e+02  0.000e+00  3.181e+03    0.00    0  0.00  1034
   87  0.00e+00  5.068e+03  1.007e+02  0.000e+00  3.181e+03    0.00    0  0.00  1034
   88  0.00e+00  5.068e+03  1.007e+02  0.000e+00  3.181e+03    0.00    0  0.00  1034
   89  0.00e+00  5.068e+03  1.007e+02  0.000e+00  3.181e+03    0.00    0  0.00  1034
   90  0.00e+00  5.068e+03  1.007e+02  0.000e+00  3.181e+03    0.00    0  0.00  1034
   91  0.00e+00  5.068e+03  1.007e+02  0.000e+00  3.181e+03    0.00    0  0.00  1034
   92  0.00e+00  5.068e+03  1.007e+02  0.000e+00  3.181e+03    0.00    0  0.00  1034
   93  0.00e+00  5.068e+03  1.007e+02  0.000e+00  3.181e+03    0.00    0  0.00  1034
   94  0.00e+00  5.068e+03  1.007e+02  0.000e+00  3.181e+03    0.00    0  0.00  1034
   95  0.00e+00  5.068e+03  1.007e+02  0.000e+00  3.181e+03    0.00    0  0.00  1034
 iter  chg_diag       fval   |M-MX|_F  p^T diagX         mu   tr(X)  nnz   sep  upd
   96  0.00e+00  5.068e+03  1.007e+02  0.000e+00  3.181e+03    0.00    0  0.00  1034
   97  0.00e+00  5.068e+03  1.007e+02  0.000e+00  3.181e+03    0.00    0  0.00  1034
   98  0.00e+00  5.068e+03  1.007e+02  0.000e+00  3.181e+03    0.00    0  0.00  1034
   99  0.00e+00  5.068e+03  1.007e+02  0.000e+00  3.181e+03    0.00    0  0.00  1034
  100  0.00e+00  5.068e+03  1.007e+02  0.000e+00  3.181e+03    0.00    0  0.00  1034
  100  0.00e+00  5.068e+03  1.007e+02  0.000e+00  3.181e+03    0.00    0  0.00  1034
hatA: 
  (34,1)        1
  (73,1)        1
  (94,1)        1
  (96,1)        1
  (97,1)        1
  (98,1)        1
 (116,1)        1
 (118,1)        1
 (134,1)        1
 (170,1)        1
 (176,1)        1
 (179,1)        1
 (191,1)        1
 (210,1)        1
 (276,1)        1
 (295,1)        1
   (4,2)        1
  (26,2)        1
  (49,2)        1
  (62,2)        1
 (187,2)        1
 (244,2)        1
 (277,2)        1
 (280,2)        1
 (285,2)        1
 (315,2)        1
   (4,3)        1
  (50,3)        1
 (101,3)        1
 (194,3)        1
 (358,3)        1
 (390,3)        1
 (914,3)        1

#Nodes: 1034 - #communities: 3
Save to ./results/official/FG//DBLP_4_mu_auto.mat 
	Command being timed: "matlab -nodisplay -nodesktop -r codeName='official'; methodName='FG'; dataSource='DBLP'; dataIndex=4; expSetup__fg; quit"
	User time (seconds): 52.05
	System time (seconds): 6.30
	Percent of CPU this job got: 280%
	Elapsed (wall clock) time (h:mm:ss or m:ss): 0:20.83
	Average shared text size (kbytes): 0
	Average unshared data size (kbytes): 0
	Average stack size (kbytes): 0
	Average total size (kbytes): 0
	Maximum resident set size (kbytes): 1146768
	Average resident set size (kbytes): 0
	Major (requiring I/O) page faults: 0
	Minor (reclaiming a frame) page faults: 377600
	Voluntary context switches: 97681
	Involuntary context switches: 21083
	Swaps: 0
	File system inputs: 0
	File system outputs: 14952
	Socket messages sent: 0
	Socket messages received: 0
	Signals delivered: 0
	Page size (bytes): 4096
	Exit status: 0
